72 72
42.33548640029792
39.94783615714373
94.74139976198508
39.43426631879707
53.140443913052536
6.097956823588014
72.67351543175802
92.66324161968281
45.85105096810873
93.72901685212689
98.58206734423527
43.12623376059788
79.55207912296216
72.57460441327757
97.81280539281394
62.720357983869754
88.51653756168322
64.67631272370741
79.71773004001196
19.56225114343897
8.37498598320322
43.532331041445914
29.710808316798555
49.35666988094566
32.57849051701675
3.1444452490689834
96.01823460237397
63.997424174697315
80.75560579844198
9.27808857295247
12.99157131271933
40.77450296773599
14.300833386767364
1.7148558503152889
96.60602203277523
98.01908261431393
29.057551295609496
30.43699314307615
74.91532215833296
27.302458212900437
38.773217409630234
16.008090329697765
80.60607241784075
24.05759791169333
87.93755236815802
86.21766471290675
31.228637554689453
73.32503510676429
78.05087232018589
2.65754447062867
90.1908989546982
68.08667601164996
30.706365634526822
4.542966691020545
40.417442691832406
67.8932939453582
4.949878538646269
1.1066099062048584
30.92565208055972
93.74350181923539
68.05589830019213
68.9887323293249
27.204991527061473
63.76001217196815
28.27252552460877
51.545950470773526
36.93081687165538
65.537375459929
10.805173149151914
23.18282468072903
53.30233696162245
2.0815754917151374
51.574659200741934
39.266578336278215
36.694586988742216
1.7402086796663885
20.451864162786514
47.46778823444995
66.97789051044532
77.08853637883817
67.57979618303985
54.46668776545571
42.488146335317744
86.28212006681267
31.525998427879053
70.16089424251643
14.885411680790506
82.09355424826651
75.90881532221783
38.31592094064889
10.214348925238658
47.05895744084623
98.84781587391304
36.99955817773476
50.48342080670398
3.2053182790116264
76.28548921781073
77.3915261419342
94.25340363209152
88.84945807041792
90.86925880765982
38.1523816293089
65.7554835690809
1.4576508467701643
58.900623959917965
51.398535494810474
54.05726003203011
38.10404599710531
55.4514984221118
42.77734330959815
40.86232362671598
78.29907114904692
95.65734041535691
91.57159666245174
49.158940104310346
72.373676010749
87.60087268256717
4.731332328825177
91.37947358325373
30.710536883730665
84.98236590002142
21.562715009014454
31.91035794825925
65.44499138444537
30.425296430488636
42.06424616560961
82.91230422061298
12.973731681927902
89.7818030813985
79.47036554020251
12.834703433613848
38.515464594485636
46.620341600116
70.09552216198297
54.60939629097336
60.38331429096176
4.870262076071863
40.1517758701215
38.29756802646912
31.058532260162497
7.185500027460567
60.7054828009021
70.20166038779203
1.280632554718275
98.42055006150295
64.44464129965407
68.22407736007618
20.19146597621152
1.0268039691312847
45.61932533665502
14.001850551044392
92.76567053102362
12.325080626762785
63.21412098770861
96.73828998949236
94.90822182964455
57.23513009235752
41.681979685012415
16.48557108759958
40.56515320068789
64.77294985368172
27.099608931908293
85.26102186229757
91.11488367698944
26.077565259941526
39.74050752189597
99.38383350724614
9.191002148315564
68.01647668834339
56.88369363398169
21.90866107817726
96.60690922077785
49.33415339790641
58.11234525044745
85.10860088964561
67.59551103192537
17.97750303508694
47.49520682735652
71.7105090851261
16.4045497897641
57.57928692531448
50.675235595314426
73.57044784765425
95.21217948364392
57.642984184331624
39.9094693965546
16.64973813396513
39.33568832993692
56.04387693709032
41.33067767686669
96.50687999611984
99.36974047635509
7.156128445569243
88.08612252240384
12.125904280139821
95.29489095972447
91.11651584998138
92.63527369221502
38.62695677432715
55.620137751281696
35.099071596590925
64.25988717178211
65.98839372345681
91.51896375325317
60.910628769349714
39.68957189085586
99.40798200229888
9.505905933664838
16.322952515394128
97.98299452547116
51.79833384856553
10.985034795843152
80.67078967986961
17.114695190733322
54.87003953680741
90.54747587872247
24.32178040727556
5.420213357822967
40.93292707908144
38.42826574495
80.31855932485612
14.659041975317066
56.30444913647361
82.42411072898862
4.724087057353332
64.90208871789335
71.45000715643343
11.998366954525807
68.0616862290979
6.695568394452767
37.103005204642926
79.3697765830091
63.26254635465966
55.86080834095952
53.0097071686252
66.51084171069816
91.28996763527908
45.77799767540884
41.37677888683592
28.105151215888124
96.85457869752858
8.73153206140751
54.067816911415775
2.7567234692159825
57.23047425473151
63.55760694973034
90.82556559539042
82.83009723759147
36.14252716605847
28.15500883670945
10.57571800743281
38.22863150311204
12.013738168678845
57.18074722575468
10.102344304862687
55.62077076719113
20.29841494696899
32.63399696862195
77.1485772677864
87.02032938166225
60.90340492470773
6.151953904202778
4.012734230450121
93.71327707692147
13.44546632378485
35.33063863003682
34.607975476217675
41.34857036580637
93.82515706285872
14.105114650572848
95.59415032686843
55.2538845108694
1.3110687655966125
74.96553261411145
25.0827444151958
93.21620453275403
50.75325484314893
3.0978927413158885
0.6056952736554488
89.53688562256914
23.02699467797751
34.60816511641623
88.061434038831
40.28714617515682
34.51781138478298
67.2903628696729
17.945041693088204
46.5482126706969
27.38563342798973
92.24130120903372
64.25535540439375
14.639774012924011
31.538551236070322
92.99017118721812
46.85102183757064
93.60455397309376
88.56104370169507
4.2917252806317086
96.93957933942231
14.42127597721684
38.73868468144097
21.520438183383572
33.266673694818614
3.2205372245094455
39.13904614615027
4.935699771841174
89.89930572864066
19.893991712377414
29.449663308181172
26.548473241761105
66.55170122408828
22.31442649170723
11.311689802941094
7.813655677751208
66.80177903782682
25.26455188478095
47.6855394712034
98.01786533405587
65.31350474970478
12.437307537395847
0.9005889674769785
75.35731872664749
80.36965470035614
5.756106690976326
74.21176410481273
42.78672582376481
66.4502377983679
37.04300896255675
51.98000664063921
1.0883579868771087
74.81228972983031
85.98300369197163
87.03842949386167
78.18978249286425
47.991398714919555
86.10155008837788
63.40537009805098
29.208130135352185
73.15844978703147
46.426272203824915
7.202994647554051
45.73555322122559
73.65658348061338
51.57751222659483
42.63750132196542
64.64716815429324
21.475806867821433
40.220657861650636
65.16620031085631
94.69360745962078
46.31904363029832
90.19047115845851
81.03967143316427
77.93719358643351
82.95720432104739
49.96888473472127
99.64653532961802
11.315456986808936
69.27800498004108
96.54337472916151
97.8713281578663
42.94962586886245
61.018275329838985
54.61507322485307
23.332654886887518
34.576760849692675
28.889195735473294
34.548814862777824
43.024370677928836
42.90714477685255
57.73804818322661
50.668958159023184
23.276032304184547
13.408056507562339
85.75957659498522
31.67738978506073
27.225269410385057
93.83104389211728
34.64881371503701
4.817399766745845
86.4879138139676
29.749376987607178
17.61720601422667
92.738237965834
26.974841392659265
47.73500607663378
38.56498485686134
79.34773856617691
86.59569968422447
85.53269137077514
11.915285376530505
52.90193372788923
52.01029129769071
45.42191606906067
28.256626563087895
66.0778524708544
78.38625757320719
94.07142933355121
25.66241887450427
13.378749423192481
60.7508411572932
36.49653702858543
48.05544641356071
86.43099001695956
24.00704548466942
31.672651746319826
70.84979208302494
3.390550314267704
46.78222495035579
20.094271720822267
40.2677917525039
27.224923313847672
48.73945746103049
8.592428531884721
64.60698385537061
43.82119881345715
55.176211378844265
31.787780382899665
62.1317385524045
76.67515321310216
52.19945982258839
33.54163861370131
96.55033259350863
31.13906002590494
16.422853066364507
1.1009085780353978
40.36534444433997
52.728892158717954
21.2815412625321
62.65160271162185
32.274682937907215
32.4290109111501
98.25495835575951
91.59142392173823
73.0807036655415
71.07169319151598
45.54254694029062
66.87390489099107
78.96167173888084
52.31666551023272
53.30486683916933
62.41612813340206
15.940487431623907
13.608294348882543
68.87528582122586
77.5299623761373
4.187090273288208
10.28580437055001
64.74282043288821
63.57659438913937
16.817843393885756
59.61545140944041
10.11590146389909
88.68924002336965
24.866091177182238
21.87097941609887
4.109891793797404
33.91930309360271
1.2018145324178997
41.81506197240349
59.960723472488084
50.84783585884598
9.693320608703859
23.316370524002572
24.58880157909671
83.90754080068217
71.34918693279721
35.78709871946505
52.40259052009946
46.40557308650814
6.17116523437824
63.59749091331175
10.2756256479834
78.4737977454575
31.863824151240582
84.20060601170857
26.816594117928684
32.385690631589036
27.01471169177787
82.46510147393428
98.7899066893241
14.177362512816782
3.909885401602542
91.00025570130548
54.74736170949917
67.82996202645161
79.20176803374932
50.365986974438925
8.02933524642283
94.24902852933073
88.4530395345639
10.14017653474706
75.52532090207794
81.12895625581096
84.4758420588627
10.298104818964926
30.289799212669898
84.86148617075833
70.6177147212093
28.267291808378992
26.01001180530469
30.814667474656755
23.28029559792214
52.231562584058786
77.00312784330073
96.82708608003321
5.324841361791266
24.85841007741606
52.12795484433986
27.951889681323582
78.4646306091142
60.28113936597372
21.446027825482293
92.97670868173704
30.69268040867946
8.236383774706091
25.9428026078818
83.66301736979577
81.13292934294756
76.27324724031558
90.43230032418477
85.93276752711742
92.45448544158589
77.45246053554457
82.91852594107506
89.33353642062396
75.54905694798299
2.377308038307302
9.56407440793181
94.99863866628877
98.69226781438594
63.06197057533579
12.299663949415107
1.2279639588550606
77.0226183629215
15.235506176537106
88.84582172732122
55.816105765122494
36.86829342943708
79.84157160849475
16.166510635376717
8.54883103023596
78.12227745091299
72.80977024148014
52.42040309562339
58.193995654182494
85.4008946478385
22.25291320556201
6.1633300628976535
47.65245680962661
94.39981187387033
30.17333945942029
48.02515114018882
73.33338013494047
58.10012499361712
51.633655875926785
21.745116489553308
55.97710346798909
29.033820731430136
26.20316283091396
46.667031455683194
51.53411193795341
55.648716310846304
61.19675695418121
11.42524914027665
8.570419441614941
78.23778195252062
35.75960648358557
56.970054492853386
98.24766040478279
95.34884371402315
14.86714890513845
54.71621363006286
54.370304520980994
7.027753572662765
20.769173340719227
4.985869458639824
91.32815039608886
75.74116741966982
50.7008196668898
40.82679096548484
97.59534650453341
40.51710273737372
98.51302759604033
39.02749338339917
99.0662457655718
84.77833329806678
28.134463288938527
32.62337897356503
29.98099217799973
43.70605253569209
43.4588489361861
67.30983276972616
19.385482444767533
12.70822651248359
76.0567788338671
7.715426697499172
93.77293365850595
73.3679771647223
63.83932634379982
49.44237806045171
34.00356014029872
30.745793772183426
8.396229952178114
51.54403404224487
81.0476546249021
8.06227680701217
48.289320863907456
82.67208753448656
44.57113221138239
38.360141138082525
23.28325365857351
62.88406526742592
82.14849492943752
5.200680351888698
84.13312422275655
35.47337598376077
45.13153303378681
94.49894380494581
65.12667025526909
8.955431846445016
32.71793174214815
76.3679450249594
21.955710023103702
6.142852748773874
62.715562533963286
75.45573645346224
53.48226061687712
1.902189925890796
81.44636456563651
87.52151994905294
95.50252389981176
20.616129822004183
76.75358817192992
55.1189025538806
36.506635026997834
63.252372285072155
42.18268938907025
40.04575897892859
96.19539837944939
58.89091634843106
71.49653918576668
26.344539536657862
42.5370573337306
5.280238739563348
27.864950357496898
96.9285892741922
40.244204951404306
11.096828585530139
99.53048610447155
29.265605885764977
77.8212108954565
56.92412749559951
35.378333261478105
1.829011942684966
23.171681880789443
72.01905644185325
14.905064511781019
36.09361653519627
66.08431763079028
5.61101868514764
79.56129570212363
11.48582839884148
3.5400551310703743
98.69671748734795
53.28392232391182
38.71389767081338
9.014481314820033
3.108777206309865
68.93466102901648
55.78751370763895
66.62386093333713
69.21754472239203
99.51251144937886
41.378368700441584
52.72778244616221
66.29770994365619
59.29892914357382
52.677496803493625
17.5375680587174
31.938954685938025
47.67022035534979
35.04171404918761
80.60885687585866
85.49786853759367
19.71866505601697
70.71456103478812
52.06981654096284
61.75184779883476
36.90440808069084
17.30710799114763
66.48939052024085
16.358235408190403
85.62656566444372
87.43827050424046
22.99207713113327
91.11762994331123
90.8259835257467
29.618325042167104
36.3672609999974
17.267049713502548
64.96404547013312
41.09684808729085
60.357888823009276
3.2135315513109552
28.682070694031246
89.39306341427755
86.04138136499512
6.330471339199894
49.636657412408994
29.962524326996153
19.75769442836769
60.009590891797146
41.816002784964354
7.311716913292976
21.70851248009541
81.89051826364594
2.913705057193916
86.41962376217202
60.65262121641805
72.44638195521911
90.76947590849944
5.965678436865818
51.81435771849233
55.963848563091034
50.90897216851141
73.71327599306457
43.715571493225966
30.576443805299093
11.323969508221875
47.01756348805419
49.78485503060034
58.734043127870926
58.41014026656831
13.51528220110082
96.21341159409747
81.86789650801316
93.21937534919151
53.97406122145686
14.534931823297015
55.132751561071814
6.0616796183008415
15.16506080329978
83.16390369393542
20.45445497248364
25.309816013130437
88.06530869977777
18.436714137999388
92.19608991217592
63.22196409980953
25.0905602642998
59.10947010040041
59.21447223783433
45.58508377916423
92.47363186145516
40.02750844965993
9.610888392421668
51.68953072900211
99.18579077008563
28.442556978298484
30.7353581567274
40.42895706893233
52.652345299825
66.70062377923436
12.983659708221062
19.744179043219145
21.284266137911146
19.291748036238012
99.47988555692486
65.70269427251186
13.105446650942088
86.71919101872594
4.715938620056415
45.092603183220426
72.65687189742869
54.16341007681187
19.802242655396107
15.467692467351124
71.65649178678686
77.99697323562107
84.15710200669498
34.54999982007468
50.67688558453447
47.47622817729109
29.93229608154109
18.25552234744665
50.93142157908987
15.62486277034405
67.06225251981697
39.576013499785
68.31999962072113
2.6759101873097713
38.56306166836075
91.88646905190637
84.19228799998923
39.80312822598857
25.09348776082576
58.63564680365223
5.76760317766275
24.126843563763245
33.78019812717359
78.04873145367446
11.19482329672178
52.929522068469105
53.57235015759893
24.025513553650068
9.363795333284708
64.29963374215511
2.147156633354408
16.83219101475585
92.62950094434768
34.80665914757131
41.77156036378427
68.24820608791472
6.902857798745576
3.986572359616347
83.5581036922984
56.10490502150803
72.65252340965537
82.74189130022623
13.475741907133965
24.519739305983613
63.607418393176616
50.73306945281757
25.975610249350222
61.33420396014656
58.96801026336272
44.10784648437169
78.48939586825166
60.79203725208776
32.692930531342945
85.77460805284535
16.8586901738083
2.4612672015367654
87.0443057201929
85.39754488579537
75.5490402691119
89.40414163616485
87.06633025318429
3.414472248530609
53.94036076372192
52.86578994437645
23.3449026309273
2.087258334986719
10.306186009908014
93.9592989517775
8.053749456711866
44.550643202581774
49.81505012257368
83.2805223656676
92.85106493920236
69.32196201134676
11.064456909786792
44.495325808818876
44.177194191978366
14.032609470425317
49.259115321945615
12.909619330060295
95.09122284525164
9.974005532094854
19.632768426596503
1.1580288662160099
85.04205142196028
40.93682842537849
37.04573326360243
8.316924815322169
5.561161726357811
26.772816268587796
82.8883072180807
40.044239256818656
15.324766280780844
97.57397866397027
70.63149644465064
31.430174541532708
8.283349572607325
67.39505454933567
64.24503786658684
97.26572505461169
80.13235187369345
53.40109528682995
15.758178273129243
89.41118151566616
79.0395685783924
63.63953609016668
28.1662785313756
63.26072179171873
8.456906521695995
0.47348480369364676
85.06667901079588
35.89463930884422
10.354630939108734
80.16875522184634
49.89582647183447
47.53669329421153
32.7906260287022
40.77577843593212
68.05125354449363
77.69843642307336
14.766514458707103
17.386898091282678
89.25248690346717
24.515946289078773
91.67984773728664
67.54984963427621
81.25655799184801
70.2791074380156
99.34761370431153
64.06725295428024
93.5474782427344
13.61920854009744
2.222249272301413
63.84149329505715
61.695715954986895
22.75629026822309
85.4133226181082
93.5920260852395
23.104362825406245
1.029196115109765
57.39823333752224
53.36102329898191
49.46209220547816
7.7548499308988
82.42056516429386
25.46352503703976
83.40267304363907
52.40166275265763
28.26731855420227
65.60605060626408
64.12848240053964
47.91054582604636
18.148262054579302
48.72909474258156
82.49872422897367
39.26852711251858
59.61337751246252
95.73180004509983
76.41700386280458
63.81380357835557
3.631798570675049
30.881170410060687
97.00970459140574
3.5422615820493997
62.4602712430425
42.66204017859946
79.25973079374721
25.100510444066515
32.07041206048281
62.11072726984626
54.83672611891771
98.95041431389946
51.38206236525089
19.176367790383864
59.073606231857845
60.499369246226166
50.379902515868366
49.36818734668578
84.5015224551096
16.085136898165597
42.08740143556966
0.16415038726671494
59.03450686564853
63.38171987740061
74.27832356998529
11.885276212474704
92.28159886242379
32.8188636529106
95.25581630530365
68.90284625436749
80.31844429124422
74.73370430420874
99.12692317201564
24.494304847916858
57.74482541728661
39.50864945264413
21.13633743089437
87.72467972027246
9.582741803882666
80.95795675944277
0.0167759406443313
19.60179694719535
0.028328516378905988
14.000927414588492
77.29671674393816
4.452727915828325
42.79995166217577
76.85333574002982
99.70023690741402
74.00567451657288
9.527321239431663
95.18291217270705
41.26536365607095
52.02196096432845
78.2868190397387
45.259167933499015
68.29641388766129
4.473959816694428
83.23577832280688
24.357235036290604
78.80904766911482
73.32156277773187
11.817017156204578
98.0163194460477
66.71034649165453
55.19993427967306
77.07588764456878
41.246513266931665
96.07617010394223
49.176058855237656
71.56980190224613
61.799083659166556
92.29879178132538
86.48610106045986
72.73967395214291
9.292466164389811
25.530794867980333
82.30610785518532
77.89614214826788
2.8599558420970173
88.98311047120544
78.06176233815336
95.99122115115453
12.61367205151329
82.85098287734733
42.48958079302144
94.41680734708144
3.744317211554804
43.88702379515584
73.21854698533451
16.88814344189613
62.04849253454328
92.19687267532535
63.451966072827936
46.70207484247816
74.60885552318076
46.667909753111935
35.96967333965107
98.32048119814321
50.79308887536092
14.540995471537743
8.195056806055678
14.609959282626694
24.008788120491985
53.503306566841026
71.00247051526334
66.52393301136483
75.04817082474075
12.308692512759546
55.45995595829258
31.675140956267157
44.892225887150026
61.56496664122278
52.35801013146081
33.057535872071355
88.76831470104429
78.55304856296507
88.29783054931991
33.758559235714216
16.748044215957268
97.03411332549831
80.6469061598061
3.8593642483756962
22.884270305779975
20.858452930135275
33.449345219358015
8.187516886652723
13.976009798327226
49.612411927581505
23.80330318761663
55.4874825555064
82.50837716249497
78.83103659414877
17.42316119920272
42.97781459124182
14.473230377919077
14.904096230769671
59.589119935498005
93.74001965714446
94.95596023992694
4.419274320169164
4.965582257120127
4.422733249288702
76.83860220318506
31.332848040885885
2.5444768023992093
21.639033980635915
66.58559664335233
39.453384864200814
83.23141158414583
3.376179238047572
19.81595511379146
82.64767867456078
5.591530611560092
90.18471615762874
4.534629427022474
10.949474768303569
45.39836395659047
82.91317093814604
32.45411490569773
21.466126497112715
5.435597887349431
50.31957001083634
15.367667984128152
67.53931882777748
78.08310946618535
22.844304691236417
62.68427837378175
67.92196332267908
69.04740988971992
99.51681067979862
89.08335046994276
33.46345118747759
10.204745961981454
0.010232092401374349
34.865554383111395
53.63647882436797
77.81113815049204
83.96823752149469
49.27959007885987
79.77449819386997
78.51393323588957
79.4695214356693
60.43101995612518
73.60787423974584
55.221396414634725
56.69950593409606
69.45950891476821
93.94379961521463
85.61461020648916
40.55082155656058
15.28642891067774
39.80875936928003
90.00887152952315
19.79272132714608
30.908093231544875
0.8869640565955073
46.77519010019212
43.964680552844314
11.189589434501013
2.4043938512526064
61.35918855833593
74.17019772471407
7.898097026955542
20.950773342782426
37.75761331395775
7.427288216362871
54.08077387944337
64.16647887218122
84.28002606391185
84.99446396505044
14.207779697132361
18.49742020196321
86.17208660429375
52.46641751909401
95.69181691294571
18.107563908034596
44.1076612563085
88.66720415939308
20.867543578725744
62.07406328655283
9.293845020004554
37.81459306730155
93.94828053221738
99.02527759008326
43.97798074717939
49.18671704659489
5.5888776340134445
44.26104163698763
9.463784180103751
73.57638809748974
85.0627815058236
36.00387786561316
26.29821274351497
3.185531641312911
68.96819901247949
12.826710793016415
60.8649195946059
99.41645046992123
44.212094032039126
40.739220059817946
32.5412018359726
81.56784434515292
54.68916989982446
12.939261723974639
91.86032227761879
21.16941243801479
60.72381426490024
9.282903829282873
60.18891625300127
52.30138822075189
90.84082512403698
70.40571475429904
66.04402246823365
22.56133937749637
84.90553670711246
73.45884071343698
26.18211870108785
34.8922766561205
52.87356381487085
92.74482132243453
7.2196094157710995
35.12537353509517
2.089365796298015
90.18049461143278
89.40891627837867
93.04749404864441
70.33930312138227
8.299157442143823
88.10796379489216
26.961370703214815
83.99377941587134
87.83923649677196
34.1894444661626
85.07475874818256
4.855169909545076
77.2332757206451
3.4924288371308454
70.69025939934059
76.13001968348671
35.33607345008615
10.846606724004282
57.43825195034529
69.99768059752878
79.06586984906411
15.438705325004353
54.39231636708506
12.470329845724793
96.735213536763
37.72593373786572
11.788317018469819
15.115161133822209
0.3010405019442386
81.54197419071595
93.71910056450709
67.03891262868244
14.551852301441537
85.59011124666037
74.25011204707609
39.10920037163247
85.40358590331167
14.457139756755543
89.62482567594249
67.23459998379955
78.98974462501246
38.97464522256815
51.20726527694248
37.231853521302405
21.50427091696614
6.633805295844097
71.46580523212009
80.03402702847396
65.9871926390194
26.398748913900484
30.613126542118618
17.863905339497254
37.59004903324726
96.11932424187968
85.72062934128732
47.338475533837524
83.26007385552981
91.18552091940713
66.52239131654326
3.1511079261962838
25.952463601827034
95.6605936473665
8.535807173981258
4.741841256562973
36.938838384318295
58.90879679402998
73.72390578056273
89.44923753385683
64.84056200790216
36.4871590436765
95.18218312347034
96.0861240713616
12.332424406612086
66.61987952967452
1.8137442090885525
48.47754195877477
31.009302050152655
84.57334858437704
36.749771148877656
49.10953726800397
37.92789838492659
3.9451624465133284
64.45541542710505
72.27599798601547
2.445092341236055
9.105200720972473
61.10972851813658
53.42344086602856
83.12038384464526
65.98617510545
28.7271024609561
16.016147417155047
30.64047622799234
21.493815004499172
18.91808294542907
51.67670997219494
9.892721568476304
26.484086396121732
56.952070396389374
25.021272759757274
38.35210266743735
25.996739868174267
98.76990919438057
60.38847031994443
90.04164976191869
26.771993113914185
55.895742724886624
22.83298708844004
85.97829161110482
21.74489865622615
72.80269436200662
60.452025898161224
63.7390923719054
6.13159115294134
16.27138972334594
30.728787509382038
80.03934547027033
86.26076586001206
62.22168421656116
65.78308985017316
2.426493681250086
53.73303915187946
24.732392695179016
86.02440551184779
72.41513924116832
70.53525411451903
81.66846731046769
85.93399490921804
45.12934868406915
62.79362459317757
35.87618983338009
92.87576533129621
96.6287616468211
78.39188173787471
21.374859263586544
54.915339057599944
4.934956871007223
11.962531614592798
15.976031538477653
95.64036021467658
33.52990818556977
33.12272184309927
93.84850259000285
24.02115228175158
98.2680755492447
37.08496881229804
96.09828565741338
61.37431413442378
6.729222933339807
13.678890345851002
95.546169463841
74.40605222351692
63.03850471524706
31.14973618436805
73.71414432793428
7.120634642813883
21.413115067216783
1.0474356214836833
10.79435300966437
35.23451035503699
56.369893373788415
73.4338856385569
96.70665176764037
67.3899674994251
71.99833714623203
43.69659713770845
55.4717380869339
57.507216225897096
33.57802058513809
90.51247232046758
20.00962937479788
23.807692838351645
97.89954630735926
27.149456371032954
33.991428032392015
31.537040717742027
16.951012686381784
49.33203724287516
79.21273096863808
65.60479184962853
53.55302664242381
2.772473080601112
75.27975547533578
23.59196871029581
38.01725883646851
33.81516009898491
21.815392000448263
40.14534250585587
43.1411479608935
1.664096614923305
39.71194324596167
83.78255690523832
95.57436330252368
3.8517116875005253
0.7468199305895817
87.89434487243257
42.88932774903268
99.74393891326143
47.57557505774008
67.07920596488314
18.860410471873834
94.089614062068
86.71734981723212
52.47392530194831
33.86341755673972
25.09480528250898
97.06378454507832
29.896283701640503
59.95775808575138
13.53907270611
59.82029328998317
14.44806768444723
51.08387211534373
55.34110366696603
35.09428835360073
96.32427839306776
33.0981998663432
38.562473602659786
4.964473224767374
24.233877027854756
84.39862283250925
53.158862872431655
45.3046055797885
1.1695218106647198
58.39787029651045
53.68457319565173
43.637491009493154
29.20937119149517
58.09519780080886
60.432068965434446
77.07331448843696
2.311713647950242
89.06794553703284
48.59845089285576
26.63819575005465
68.46995923086601
7.39230455836779
19.996740013082757
34.62225349328709
92.77340447807454
15.436791494151814
88.13871006648219
45.68431855631601
78.33447266522191
31.968895367412607
14.50888620859846
57.699391698638266
92.8361119636791
62.214994788468935
62.34356470964383
11.82538711574922
4.6320213206779375
23.835561719560484
50.647453585488435
20.25606502459437
64.71653380223137
57.95410302617866
2.0315676458242393
56.174799643356884
99.05083967682509
93.62862205861583
26.613435636584736
3.9295913540919436
40.6707463989565
7.140422616060038
21.276437649820313
21.287062865507867
24.941718768115784
75.13867305480464
3.2165457619387383
59.51208235615938
40.61646359795085
59.152234807824776
19.964944336483303
35.53836071839112
21.444324693552552
19.30107166457273
33.38064658041093
58.67947877324862
44.01349831741336
21.044617956589583
62.16347341101287
94.32212308502662
11.25524869180784
91.93729699731053
90.74638963407867
2.061669572482394
19.020098997566194
36.90746131922419
24.08050082337444
66.6419771189105
21.93743027403704
49.904434701828826
70.05382172755154
2.2712960813838112
57.25837197877448
31.39951246859738
86.63355390322602
47.06954369720658
30.852531377511717
49.870462901628066
27.538594171530463
55.29055510157834
94.32926196043128
68.72986830523932
37.329202206445956
9.631793478382312
79.30811321725682
31.23181547004431
19.392343752251517
64.54259062200607
16.989084785449837
38.30145673718726
80.57550032859476
53.17058610385024
99.06495096257174
94.16328276130179
85.33172482827909
31.39319489458927
95.63242080985552
9.623793787883116
67.05927413276595
79.16752339861569
26.12242086777057
89.49925829712309
0.3577855101809857
98.20573802828967
59.321360250669954
92.14152376560081
31.209790733008703
35.81364143736066
88.6957664913055
63.85038501160037
43.99843157953909
9.436764997074498
79.38036541064666
97.23974921114439
76.60459633887695
59.634188091642805
0.9926062719066819
94.34193793514093
15.39122613747217
50.75888149426581
81.61661406304223
79.04343386244862
59.2264632080411
11.785629540120912
8.045433806860991
98.37659071006371
13.502677526007057
44.86108040443848
72.74873019974531
22.501523057836216
89.10545480685806
14.636779929957843
79.77923625653438
69.80641676021965
73.43495106426586
89.36471973485102
69.47398554159489
79.26585655950207
1.9638045447349928
12.140124512244842
8.675797547574316
31.020640920762155
85.36653246962494
91.61017161553214
62.82151592201998
42.963247509502835
35.047583567298034
68.13611407161342
56.898304619000776
28.02667951816099
25.31371993145598
11.365979144284067
95.73299043936329
41.13681656818508
58.0872890016494
26.744116916905348
10.468373139653131
95.33623528742615
2.836277978352164
70.95383466554563
53.78715267988606
6.306823201955325
70.1831469383761
98.81320380864312
3.930409021339798
79.41587762334744
93.51347421286724
75.99168941371013
12.790099825890188
51.693395578145164
82.12403303597722
29.276300895752616
62.65164260877002
13.877704237866473
29.455186378100596
77.00402826180036
11.503950092461611
11.245987613586173
70.1771669512619
27.844535176846197
0.8701881831202352
25.41524837191458
19.787550684427877
62.1302365901557
26.459617106392674
6.226647304702326
70.83159495933448
81.30690007113583
82.86158377469603
66.81010356631276
74.80749285794897
17.591774570898366
24.27373784616219
38.879780291440255
34.54790458830246
63.295035347558596
75.53902407217805
58.39374311892189
71.73576789156584
27.633917508242412
25.73459448046559
70.51752843063512
55.097211517555586
95.69638063967525
44.36158588717404
0.3927686326168578
39.57558211740796
67.39532764257376
22.114276093470387
97.57837442977633
92.87533123990912
94.57029644472684
2.112884024848616
90.19903198946609
88.42213853283059
48.10745055990683
8.728829256776994
91.62592107302133
25.41776438644864
46.96807362546309
41.269898563906914
71.19803409919469
95.70025780351777
50.125376446345285
67.75973067890257
9.079614176292782
75.97738797720145
25.08147706900845
35.86516090443928
49.933211392832746
59.21109052427378
10.33602121482181
39.611627240759496
86.66348293029984
72.47714273668147
34.852548118388796
19.087720039353318
98.95016047222623
63.04099170247021
39.22732008270589
18.591502242786127
94.29731042154343
56.235801629631666
84.23937300980907
27.114649602552298
24.750013210688728
85.40595757066541
16.254232698366046
35.309462493008105
59.45889367286793
90.68978407312275
36.5168184243909
44.7108597658899
21.880565214009685
37.9725322307567
35.30663988781597
13.438973998681092
3.5046535086637576
55.61853668064482
49.767326036022844
80.36944746289655
64.88041037141696
51.79904436848799
56.58361037133008
26.739881182761337
44.52107293268539
90.16133543518502
4.28711529672845
59.458676447509184
69.25098168642376
57.18910836590655
17.30012545023557
72.74866236852728
56.50492282442201
11.295318092748975
9.990276171990054
84.7508618387187
44.81695955711801
22.505154368155942
18.48332003785694
10.20198670957846
21.3762351004827
35.572487455136816
13.553277386368068
99.70129561606537
91.75693482589021
64.64546559731768
71.97517407193811
44.84117580629097
8.874325656849269
57.708491297327356
8.491121747191666
7.627660760520538
94.0460999278599
95.46823262787726
18.875791621030068
81.14241154225411
51.68608050416547
58.71992304017633
10.344135319502069
54.748023130434056
52.192736727708365
8.540977596646904
68.96990852029612
36.21953177065726
80.11730509826218
83.75393974415356
9.100644543715608
22.69407302012494
46.92214271611916
77.29422654065452
24.566580579899277
27.611954560682218
21.84860615107048
39.48832073936184
17.4816519305694
12.696719464573514
20.05408171814208
57.19060856368513
96.16230427984442
9.160011817132252
26.85951613717942
65.97186584042217
5.5614131311661374
95.37804450886918
29.449938004902055
37.49709818112197
27.6981844065192
80.39618051433212
60.27341663667958
92.37634115166382
90.72717097416233
17.540222719681253
64.46212271938755
67.67435367577507
73.4843436533924
31.97346787733141
65.13735550469329
64.37356320154535
80.68907316622372
68.54912161050073
9.618820899659376
72.9152364168066
15.15709759727837
58.864023618453196
65.48546153347812
63.6095275109451
77.06544757930132
8.78305045993698
35.113483776411826
33.91991555805261
98.28790879829847
73.69301847083011
51.91673644831379
59.08306022456091
84.06288387725233
71.59594476666865
33.085465639874954
34.66575549165214
17.389419959462415
89.1217755374121
10.082197875853138
80.7733480966643
55.23500224348855
73.47569102803229
65.294319829429
16.16740030013678
99.7590220633193
47.16891686586454
25.381271742102264
24.523445257947827
81.36995161272668
21.383172225026424
52.736858928406605
87.1392125025199
79.59055156201468
90.79594835502381
41.30188143248459
3.0007295937995115
72.18872486837952
31.251152356930355
52.02249119713726
9.643756200451081
1.602426739591789
67.86718382647678
16.77676838680884
18.48431473573506
16.07706870606116
76.50241587152401
33.08291565355867
67.4328342934169
44.84965756202842
50.74082612012403
29.550153824922344
46.8406863867218
67.59866489077213
67.46113881960464
39.39575805579767
17.717621801086647
81.09613419104143
96.36459338775165
81.04961333966608
74.62881767569503
10.56947551846662
13.863409743574561
55.88348365579245
84.28737306261189
42.23786983525595
61.27205180668071
88.33362161149081
74.37190115087266
53.72544662185006
13.867358138257424
77.5666252238425
63.07285529537672
53.00254916519002
99.37605344209588
63.171447361998545
96.62847450366303
53.709977719356125
22.15652018193255
14.778087541687002
76.6333960928698
5.406378518209043
38.636467798281735
17.823626201888477
77.51637545281189
13.759635180643093
96.26017035212831
85.56950735713315
65.33999696891367
74.65747391820538
98.83263238630755
87.68459794481149
18.04802471931668
7.117838829229695
55.42023969090714
73.87196970024719
66.15403979736205
46.28810310176679
56.93573693291207
20.459227422257065
67.30934222936732
46.17277012618422
9.709201245216514
69.75526778603329
70.53396743839664
80.87557486708039
34.64155597766987
35.76507619319111
56.81350621613177
1.1694569964540102
44.0158276287579
34.76797770517589
56.48604727468709
81.34249722607272
62.49008601604419
88.8679897241947
37.130137677824095
52.153198734265395
73.75489217081493
41.2577605267151
87.29679730723574
22.76488720090838
46.85991974934749
26.80686351250612
58.006695544597655
24.436777208172288
7.173909969777281
18.59034280924734
59.736501048479475
62.727690936882816
52.995382077023464
0.8377873327565011
11.805621357202345
21.05054197340911
13.445676573956112
18.524051257573383
45.71409413699856
0.6940883208204962
82.15005211406489
9.721427734975595
3.4029404592190726
40.072587690184804
65.14001641785369
54.60606797281886
40.62152455034458
73.72139074805489
42.003356082621856
67.22562727792754
9.381381363453901
58.94244027838151
92.64344072014542
80.88552394414165
95.19532828368878
47.74059260936261
8.790202161505423
51.420644119931225
34.11793811223276
71.70243412465908
79.122632394642
47.65963846069887
21.22209746919249
73.0339207259141
55.37061515734039
63.675099779961485
19.726715331155297
25.032125935291017
0.03319474356606733
34.71703604234887
68.85582392641349
68.15072643620515
35.27864417789339
91.36126699485769
94.64465379242978
52.94677615892533
85.45673041364917
4.32063240917584
66.03652336476482
8.098860936633823
83.15714527813533
1.3842033882302318
19.310888187674426
0.5530378465080532
3.5436942777927194
68.4429532560862
50.90037196769246
76.92947696165896
82.83218899319797
23.132545046390153
73.92763970964337
83.82321241289003
82.75693929109059
79.3817472431985
93.94396591619476
20.707718537783748
88.23626166825316
88.03206335214419
40.04315241699072
39.87637825824651
15.482278593256304
45.89614894011027
56.31258959857883
78.86193727900624
28.543646440740954
5.460358613362293
16.51826049656835
53.620019511599814
99.0165885529881
81.55508442324897
25.775808463786063
52.68214789738466
87.09693811312592
44.435180926794004
89.19824708698724
20.186922540610176
65.13992280431344
26.332828857809098
30.56998013382417
30.182250316147407
5.560955186178418
73.50567102719668
9.671652164241994
92.17864547874971
12.065717848306479
65.30920153083652
56.7112352065631
32.20100562072439
52.560847986702186
85.86492592711222
40.26016764930077
27.937943471908532
73.73937500919455
20.406949806655096
53.856176414197286
99.56952554111695
19.885984518767096
47.50382275260843
39.08186487315053
48.136370022244634
11.068260127276641
60.25294601358849
87.41644103461658
48.4964474043016
33.26084389744488
36.54839574854704
77.99048402513881
75.22122941972754
3.09873328547855
65.97507138903322
49.98414737376332
13.682579917081238
11.735669128878712
29.75804830069684
75.41782028482429
75.00134763812376
82.53074283040195
45.06873947653042
49.57027662255026
96.84379734977944
49.87303278643822
56.17203592122139
22.36951363916676
22.399823911929275
66.53191494062992
21.78322642767987
70.41416198810377
78.1681109668823
6.592518116335889
70.30088748781209
32.00919704909436
63.89479781998969
48.67033542497884
40.76756438949107
21.380665914839003
5.852436608240241
96.98952522166728
12.866087651072267
28.004881422298578
49.330947251213665
15.884331072414993
86.65538540827858
6.805267153761607
29.4814258007284
98.78110657267617
37.037007984771385
72.77700357466644
80.81518264658466
62.39880505397362
10.472430843623615
63.31332531280115
52.32349013592188
43.0031269152539
2.0435107778850825
15.027864622357711
81.7380168910583
45.9512622568693
65.40270771002457
79.50523102255923
66.16898109427297
95.95242979282372
23.18485583324037
3.490199218889345
48.36232826613324
26.219034162537636
20.482552935827258
1.9089519367759267
15.62576093603747
94.66250889419763
98.02494782139352
27.547773068021144
1.376155189325734
1.8185516468467
72.76899049124522
89.51631285890444
2.861924730292098
98.25010561167716
18.74283952476454
2.891694168238146
87.60033709427816
69.29395684641985
19.99200893540668
15.616884291170274
82.05002492921103
45.028537377140495
87.03593735832385
31.46665075408346
46.23319836403936
83.2735746343212
20.985436331993878
51.017054762723035
26.751872062000903
51.36076508490844
54.18991923161995
19.823682620437356
55.40652089059564
12.442412224090438
93.32849365145285
95.34582500783215
54.662240553390674
74.8401655540355
30.862528354880013
54.93158251256186
86.55210071637462
17.455988254768396
86.85417540615128
56.13724670508752
7.3721897395209846
68.90172322951351
45.25095920403452
68.86068449689351
42.37538002693619
67.9287180547816
20.13609122701563
2.1417000433759825
81.02208055881832
15.445686454470264
15.468743921859229
25.12184082771185
72.79319309654004
48.21591024176729
73.9687885137303
31.18771695943231
99.57522513384474
90.96360809955391
24.348009331071584
76.56638854579147
77.5894700059884
76.10383384962702
67.98590061234925
44.34566170164879
53.92511606013281
37.66978258486529
71.12527777935979
15.748359626522424
12.993711517456852
58.394680907629706
72.82467524863159
51.48032012261585
8.59801776721596
93.54574792125356
24.748074090132054
43.1630382571646
32.08199847426193
56.96463208654752
43.01811995798812
35.30895743347441
70.48905976454006
2.1615787274897436
30.685245257759497
10.136557916615363
29.74872617616252
91.2810973785984
41.08842055917806
28.060627082916135
38.69928214617251
30.363786519000147
43.63801910308814
76.8274759152299
58.55509620652216
84.5630580507973
91.99737993525791
17.818628249336744
28.821700895614
53.321945866413536
68.79554079352147
80.13494913392353
50.54653040588944
22.766688383108068
82.46179616297925
6.380739584564543
99.43233748071529
7.357159207265463
49.91744383384786
41.20169892581098
26.184490236420864
27.8197360565667
14.07521870500965
38.91658626051596
66.04083315468883
52.15861080696463
3.714412503397746
64.74984293367089
87.96345907332534
93.55701248530028
24.995144048585004
4.3713592491329445
96.02926588380849
5.364626059986055
80.30647672374064
53.7423369737941
99.10062694957314
16.55183759227281
11.00628213784619
10.898470828036533
71.03227223877077
94.27478297615954
26.981290440962404
96.52334138778723
37.65804789323207
90.77925759137469
35.65811878146514
89.82854197019536
67.1152878635005
92.45916178586052
87.28893123774355
70.6115946271723
50.54469335549027
79.63944082185195
23.14344332488101
68.99430958237066
21.642893341112167
75.32798465832563
64.74986348307912
47.06251585517547
57.609242625890154
25.177357109532295
76.94659875678113
15.527584442807607
46.615593355760254
61.5738627414148
18.505976451234385
88.31438125294603
67.61749408517944
35.583152316024936
47.75790717592623
3.8343146486789936
71.75083183730051
44.09731884632991
5.558030945907477
5.003948236121747
63.4321461938624
10.712305585029513
75.80984077781923
83.31649117251378
47.87423281477368
0.6455098425612982
29.63486264216656
16.914088537846805
90.83920769685662
36.38348285491949
72.50245669987599
98.17983594367774
15.91753706414092
85.89788783811585
47.47205916156911
32.99231187033956
54.33320416103987
65.63587596941595
9.348746419713706
18.61754808053724
50.62021576866531
20.20758178128592
50.04427452563003
34.772877053605114
21.49591922899148
2.268572980343031
87.95160543756762
46.794954036164135
32.04445759583076
3.7644063052638788
72.72076952074028
65.82101812147386
1.1921200829755674
61.93669317852297
73.77763143965305
88.7126210744866
25.888320137261054
88.43792220093452
3.1544543954082904
74.5094600798356
6.377679581389051
41.56959832321823
7.4553510386945465
7.665682932558504
58.280217302139135
16.86763058323094
35.59432347185224
57.86061197039889
72.17582378392171
28.54357809494823
14.954004810520594
94.34642687002597
66.62396887981774
70.15143218079122
61.27991942898425
53.53674945777617
27.446992799477965
79.70665023212506
6.16178672894343
72.99401361709181
24.092090612582272
81.45292666636361
45.239790517619284
7.35559464687533
72.73741579327842
88.4235467550188
69.18510665500867
6.3569659640771325
93.51038690042063
2.583693709576995
28.839242484484917
51.906303640737924
36.20221504901162
4.444145876210815
40.19297318577992
47.48616545274773
86.40171305547173
86.19287245734995
75.69362450021835
86.86357703685196
67.08862782304138
21.65088673415231
18.6977300536156
51.577317509516696
50.29041561640752
46.86895725353294
29.604582181774454
4.514366999047892
11.780490306094471
44.87131735547227
12.851059672698739
98.50653649159928
42.854581324832886
40.54436089186797
7.7065427744053006
18.04813971679369
59.91596348118898
47.74123043998411
6.782992402262655
33.181183992764396
84.05320867326729
82.42296033079722
37.37987845274395
72.51198789263978
94.9811879236134
52.50320987141224
70.25804989196115
54.00408666094258
8.870196215689408
41.40297042253018
38.51495494881995
95.16371771195216
12.80917879620176
35.16312283474466
93.33521138821844
7.745881380629072
83.38940073587354
88.88026405493639
41.789321151096836
98.43753307239083
35.80419623574639
89.05904661869087
24.751068545284827
13.318785267989973
14.646779935977438
29.68318201578326
84.0788745231413
68.55036444820894
3.8608395930213257
14.805199555162663
93.04608278465568
98.40089216112347
80.48935179319133
2.8784030134457184
8.18980065556294
35.53497396310765
38.22118462505756
20.708708562264356
28.98867391512674
40.38939571215053
75.71536116256857
54.79712910097088
30.808196790459085
48.533592039452955
28.242219278690683
74.64632071184498
22.82454617260076
56.567256724969425
64.58764124754443
21.312711097534375
79.27526371322988
39.582378678877674
6.527172960456118
18.45053846850978
43.7227921755006
96.72379711604225
58.64404980577046
45.85075252841294
4.399580494997545
26.562030726601893
96.02104751477643
85.79327031691044
57.749586395194626
38.505421748425626
97.40352332908161
93.33442700793063
10.123147457773495
33.630073943868396
43.25999795703148
88.8941306871996
33.50350036884768
12.177342214872821
15.80333213930113
75.36277750923051
69.20205396610373
74.94807580369735
34.374631449807616
53.78530031431726
49.26761613306395
89.9405107478445
92.32848608117172
71.60384902461828
99.27683046526484
81.93249407880917
92.3073203811098
53.70110079579285
4.732167262446552
96.78576350467664
61.87335197904452
77.94849146825653
93.01827802504839
19.935943125801924
97.85854134158957
28.721198616365996
2.0903138633357576
64.6663353225088
11.761314090053432
87.39538620015767
2.591743312650152
96.18896577649156
97.41196912853643
80.02606641990313
83.58907002247126
2.9757377491982817
25.7322292081724
58.15583886906035
79.9482808244071
7.156284763781762
11.750533591991076
11.183726726551257
91.96254384343054
79.95499408640421
31.050358720526184
34.926417402786434
13.569266372381271
70.598973747601
76.47132218796287
58.917306063570315
18.139593037202275
81.52327881638662
82.28261942371634
18.447936304227884
96.8057779020002
55.90750391625886
17.451219007430176
70.85135777759608
49.98620354534305
0.3627494203241821
37.24312135538563
97.54520570861527
60.959768890392716
39.450214516325566
69.60895940872979
89.3552102520183
6.395362312720576
97.62606978068983
34.70254997747977
35.954869173464644
77.00907886655894
36.090636605578815
47.99681867497985
46.99248590049122
96.16306306317551
53.831735478619095
83.597696347357
45.93235570275376
79.6657070364169
56.15312616988243
96.41969861303606
45.37434477469897
46.73595769787333
28.236815021723473
74.55565249130962
22.03874709497584
82.40668271622548
18.79244172856309
80.37373711545365
49.25812358964995
77.63931970930955
0.4454934718020609
85.36282657536272
16.284220375534286
60.364907545503584
81.18684943007871
29.213790506801363
52.6417844698898
2.9048942676141443
9.204133404125637
17.434278559998273
8.566725793971063
27.770910945780535
63.6601173665393
96.73838989863862
73.39642780836067
50.43660832529871
41.305600484998884
31.17263025546353
25.782480459073376
11.174253530551992
32.86542984482714
5.618804140243672
87.70823620574171
13.018164198262816
90.57170407852814
2.8631230203431834
91.38149151590824
62.62040149139776
49.69754736412382
33.933847978894526
38.446672328743524
89.07080622270148
14.613158652872505
52.09457972332534
51.313267744261935
46.34454286320261
25.689163620793607
12.669944856735038
57.52372899980246
98.69942885321623
34.71361296866531
68.75303250020592
98.60076935457923
92.5120455728651
1.9285441661922587
73.82463615243513
52.78330512657846
86.86980506197014
23.35934165549789
86.76713632392425
86.81156110519386
28.19966809863542
16.641657820001974
12.469067058016737
1.4236428962051018
51.78022331466631
51.77453997872673
47.66845621190171
44.038507568015675
93.55187808573608
11.665698072862707
50.10899152833801
59.63092914799785
41.47845577515756
32.1428449602863
20.56502466500327
78.39638278910445
83.10835769588843
16.968374149159537
47.78387709891619
84.41557891462048
74.05552657568059
20.509133433619407
90.9491530281699
65.32634339857646
54.42654076955047
64.10841909203187
88.64086450362382
40.33972611064405
84.69003610287412
76.48703570116831
64.39951315785419
74.92174943275481
72.40086344522916
12.46213673103097
30.50959342805498
57.63895110742294
31.097764306960908
8.016580223411406
90.80753258174148
53.6137238070329
76.18340134214232
34.454328344624564
50.08322819821254
24.98205656962661
65.53708033175371
80.7163194825535
87.76820429493432
45.12510935552175
45.6226008495152
62.68282028309303
12.602717470028601
87.41269696156786
89.0733475621829
4.591000387609689
48.3326876875248
32.95371450432604
63.60635632665266
14.02256213070907
73.91716156213579
36.26479348916695
9.471743879316785
80.33325852641987
8.705941162054852
25.50571511180849
40.65224167077744
57.13830757999317
17.21707598195167
26.604840725304456
97.81764736405992
24.812962671792437
79.67889519797599
29.555005645244815
18.347437176822336
89.79854820184289
90.40641089881738
50.505575497514556
83.19678502633347
85.29739343390854
58.07301218702605
40.69850695516147
95.03707300701359
28.977322137341933
50.38776262079418
11.008899416468122
20.694826552180544
96.57137303353053
6.776689772466993
46.06478061931038
43.325704021104684
64.70414340115343
97.89135543095165
38.80309432106333
92.82700826064121
41.926707130052286
85.7909566326654
9.73748492492973
17.926368073614153
8.600210046460433
66.72789961819659
14.464528457953962
56.14975015558622
93.24973536144428
69.50779303037392
22.55619757561377
44.95916356999572
11.1764613097729
74.80969712888799
76.81621159210387
3.4410066805428907
59.82108221398358
64.53059444974558
74.19562345079805
23.02647150650029
20.09347118080035
77.90802993874235
45.05007915842045
52.59350369572739
10.481410552168413
1.7907244349684381
87.99530312142461
54.98826349586338
65.29580410540537
96.66313469451558
10.598070434613494
8.197957805926626
64.51652078050115
95.28485553876223
48.985679080796565
19.83782063565642
11.853024411419689
51.686026882732406
80.683103532007
89.03219671713546
80.85493103667092
58.695117586116474
63.957309601513266
70.81206036381035
42.80310308594787
31.726283020865598
46.39147063164376
57.82390272255142
71.11664000735414
4.985987012322168
27.956978560371738
60.726234843027626
37.685027816283366
43.99629120698947
28.166108149259507
63.27436249395393
62.61322935369665
52.84919807920403
0.8414606215227272
63.06651639611371
61.648771355553954
92.2473901221495
80.38300835973236
99.83819564128933
65.95913241364674
0.45383999024949384
32.51769645283829
76.84973983388471
92.05130318313506
50.83063725981696
71.32352169868346
5.8498768986729015
91.06990552537117
18.88070865237098
89.11589677618701
76.79257050431202
29.759859956056566
5.328917109488184
99.4901052364361
93.27438625134751
70.09389712302917
55.22433110916953
28.754665216167442
74.19074007421817
44.523261098757594
41.349967662637546
97.49870685182132
14.534557285012163
52.813937792072664
11.15514105188079
85.04327090144024
86.24467440102957
62.59368264391089
98.74093477656923
0.024515699648586242
39.64305616259352
85.48298039755107
95.07150314180826
58.470715520033345
14.485469530635264
35.3286826604384
30.388966682101646
93.41278219777377
27.894259035149226
42.5516658970025
76.9462032963367
14.416342287628957
24.43821693299827
18.014224753742237
79.73241386468763
87.97551214721427
77.54999348775536
6.557857203218709
9.776814258239163
96.52838448696902
8.062904971424734
69.50982489271215
21.574200809031517
6.342100499118308
25.908858127053836
48.36909189265265
7.859379767788299
81.44691476156451
57.253620921301774
56.42974918792327
17.014121407492578
58.768825586687754
52.987739397962606
5.5129895667563655
45.73095455216545
16.453001258446143
78.75632783040399
64.02204692611319
43.48933826199558
23.648381323021738
2.5586612393379005
64.12531405135398
37.52220054428582
32.3370336398899
2.599888990873933
15.553146058799616
34.56991313712211
19.50944639738792
23.033928194175434
14.054470766376825
19.774700920967646
98.85422303598664
17.076883611380435
60.72790567394296
22.302097426172963
15.356951766024107
55.829865501593936
44.19229137825018
56.26841970550126
74.04322155357622
31.610211222297814
83.76378996318317
92.96539162569363
34.34084868358679
27.27858779072776
48.06774934844087
74.39512344623812
90.34046676188213
76.3067831506066
76.45778140427656
56.52850512285984
38.31112739596897
26.22590888929214
98.84307890210259
29.538855772065663
28.15194539139113
12.590263856074957
11.141364512840447
43.737595601698395
93.13497554275544
22.87881751672036
15.651791969156415
60.97097624145431
83.89258872650024
42.19736583875946
28.425398849394245
84.72755992181102
62.713657407032194
18.971460170430944
20.54541902552558
27.311720500883286
17.555226399807957
55.41546521884321
77.27255666507746
11.061268549994164
27.616691075003764
10.110971256517931
84.53290420153263
54.15393076965932
35.72162192668479
33.05816819324736
67.99563490749719
61.51196693219345
63.66303311068155
78.92252517157885
57.27100511107119
55.234785345160596
62.997119295041514
14.912548377275659
21.489792510474924
67.92870559314646
16.87332994766311
42.7376284063998
6.2635615159891245
0.41337076220312463
46.10088615096102
81.83496930285185
96.4299077908168
74.26181284040263
58.673199614105265
65.87605648559354
6.61256100801253
32.584666488864535
70.6356800278013
21.180724673853103
57.34661977980644
60.59185779342915
78.13452302521044
79.23131128859985
11.686363285044576
76.95137978272479
5.878127502897601
85.17266632179236
81.54278370849242
48.99534434427364
3.598299258129012
75.6718092417267
74.52502489751741
26.46707497895204
86.62880393891152
1.777921581808406
97.5304183905163
61.828265858761156
95.20377096982983
63.27542907720195
48.19904290975976
55.54010045615577
6.4851493521215335
53.72069490230731
65.79875951411202
71.06694739290703
89.30082697396713
3.491709027467582
65.96864951064524
17.825748325836642
65.96755163788612
14.159783117054559
35.30275396842594
69.9286537359347
20.330473467189904
35.86055987524103
40.93299812760547
85.14188181300703
55.43505364158722
27.127101325962144
52.70387695001474
58.613043226289584
82.37415746226618
43.58676977570186
73.15418495818305
60.92026457145111
57.48008294092628
17.176498018730037
24.095950179084113
43.783930630862436
82.89789441292412
92.3449720773788
88.69355961498496
68.42033648109589
75.34705054499973
13.002401331400804
7.165884649171817
38.31792282477357
48.610685680236756
82.58017106350461
30.520010915584216
57.09911381522167
89.8047047641809
11.706404068880083
71.77401851943405
32.65028010376214
63.40259198246344
17.475191047070147
41.67584942803239
49.63254872052859
32.49377440681462
28.271129740875477
55.84843431869776
99.0850341452049
43.25053667905979
24.29423229322666
86.55755553864886
60.47141066814299
12.947724022964834
99.67112253375355
0.6557068548626144
36.689158246038446
18.803913550758033
80.71995270360793
47.41563387695297
72.6574813298497
20.926416551706218
8.960922303219455
17.919032125995503
81.78087628287376
92.60935244030993
50.1532242406429
78.47996602598074
44.361008565850746
26.89349110021828
65.24880877206992
56.331858158761506
33.77940073861709
14.92688295605047
61.2026584362402
93.16598362311018
28.87301586210548
30.76202776818122
16.07103812418543
61.347922595628454
27.39533905038999
32.78684750176666
72.21440706397144
85.41565076544838
84.61176448979188
70.83393214185095
54.23622716149047
47.15230683750045
48.08094986155953
65.28882820488816
3.661461247652087
37.28806926246902
55.11021686977083
73.93096028897097
96.93601017933238
53.420319170231046
86.85366930504034
86.49142767673953
58.998254148324236
53.49507674357399
53.58529821875313
51.45746507296387
94.36587497429151
0.7694077991924897
23.21753421248055
40.0892316159867
27.01640256780481
93.77635608547392
14.970058196067072
89.46228459991245
12.381988160912261
80.75064644824616
46.083174029349486
68.59048840241006
88.26767601169632
46.44372853751394
38.20844777394985
94.2469707325467
49.33840561329811
45.66796505057962
23.982883605554363
72.27878859188269
23.88888160508905
66.76957005039972
19.844658418161544
45.36436292105758
75.64495451149344
71.81174034203008
70.64078886712268
86.77175898010658
13.99225628973828
13.792203402122528
57.82282846810127
63.421611681644386
7.570958152985319
19.079141421166767
44.60609047740603
26.729023048896504
36.384501471868866
52.145517266587326
27.919308155478262
62.678859469652835
75.17766273554082
7.98837849128744
43.94281058674535
65.23377744265241
72.22959885029697
44.447769687820326
22.42083426198288
43.60652554421496
46.745000869925825
96.45401415048246
41.159990826401895
51.48130246036027
75.98249657878313
57.60606082948944
30.16059543696369
2.9232769584538243
78.40270584627862
13.560030352411268
44.93690362500383
99.48514267914085
41.08996823028627
19.772204874562107
31.595205419584747
59.606243659646694
18.688011839193152
85.41043084936915
11.261875363614305
13.882873005154938
29.077182975192862
39.70295219908989
58.96587903859019
22.7645385574597
30.25019677592554
19.18985960500018
66.10337990749697
58.88842214560018
40.52950340759543
0.3161932871493911
77.53523894514423
30.770398653780397
82.02642967172225
60.91207182838304
38.255899184252705
39.78495216374323
73.12225587200551
33.039763465384034
6.145114214371272
64.13516580233379
93.9807017003876
66.39786776858149
46.30189600385408
21.691517451871935
73.82902631559432
18.114699959739955
15.35566142796645
13.544166401393943
19.289360853253378
24.371475643469054
8.55468980848595
29.485338446413035
95.91192484059209
97.49198120795045
47.150524024894494
82.73265432482671
46.54429909003773
47.44879925808727
90.79976417917682
4.8572514105878595
87.55780453686299
3.0070482331533865
30.7120920910685
42.792609745980904
54.66034206611068
95.24274681097135
53.446904719138956
94.86896508489394
19.0272268120355
97.41841539843468
37.00185153498092
57.12402708290203
36.58411411651882
43.33727816929051
5.946291994837416
64.50926423468154
13.778378818297076
49.4204072271986
52.796153901175245
37.50617478037912
74.5855192099575
65.82225891605302
49.704279746558434
23.019267084832016
25.525613175929895
24.846709730708927
12.416459187706808
72.17993526110669
27.573341864485812
63.72592647161072
19.13276187111016
99.6133091085655
1.370187535706624
36.77394899099765
87.00967183268997
54.83150277153707
44.43393845759124
23.690948016878455
65.13124457093267
98.42516725116583
54.81562548401796
52.323689453748734
36.331140579957
98.05055277177934
58.6612824924114
81.66614931314497
28.86825191170389
79.45979209050816
96.83244288808676
30.764129160193654
56.819806349135646
90.31982721347302
4.871238160598191
65.5502599537867
79.89003933055358
3.725418603825037
15.10017131113669
73.79559661590574
8.762549136364672
39.00264268401277
4.726551843695626
49.801576107937294
85.9833404794685
13.427544375017597
94.44905653239897
96.21467308635292
28.674583269052068
97.12015636003851
77.24910218451436
11.131450772031926
67.32499693923376
37.07180118911768
37.69419879091881
90.07988151319142
63.926104449648804
26.75009694530326
88.18546720468089
53.83256035341576
97.90242119871947
60.36436485439031
86.61189453658594
68.09968236639085
85.41790253849018
85.30610884459058
43.28389397565683
1.7950188777405396
85.50517254157658
18.039814595366842
83.86719269229224
92.9188514324412
5.1990754796105705
78.01690722629816
56.03386404545281
37.35088366986251
58.04630908510391
39.951352722492395
65.59727507282537
50.08277667913331
11.428281229543025
41.00640873615414
2.6919292698522668
18.923885997636937
92.0234491971921
25.743294036337293
72.41206882291786
98.68512781180709
26.706984098729592
92.54309494872712
64.76090264341224
79.57149890508924
31.8760281519307
56.63099306963233
91.42295435814599
49.07553589987447
5.094374524528145
25.84319368235015
88.8727617873262
43.825066334271426
94.97814973996063
24.733641799811636
56.98021273173934
65.70360641080609
17.20684401950907
54.36638476537776
76.12413423776138
19.98490188424451
6.595704635970845
41.559444627075
40.70776779287629
14.473067282175123
78.45425703196747
2.5450321058530845
47.23838244073644
62.81225753259295
62.94462834081226
70.06393937227105
47.0010792273046
8.486205334487773
44.71948143375677
20.5672853463292
63.18219827761
95.9747496879197
60.869481617269514
7.219537094840822
7.821483175409227
45.54342623390958
12.545857409421169
74.60113100190284
17.678214996483753
36.57304646479462
25.09053147972854
24.101437119317914
59.785599536422694
91.50785213705834
77.56653003634658
43.44136305186529
15.8253398394524
50.620389605182105
30.538776693029746
81.85329029398905
93.35466189242277
25.822465083517987
5.658656669581896
14.573559271580706
31.1183554956203
51.13847263748374
92.81483159431625
29.02416128054648
29.210992400491442
16.495053509336067
64.75316776473865
31.155406981712442
80.24784448004428
90.56102869334673
16.453333062475593
17.810470866145643
41.59468285427914
38.55577298304785
25.44053326115496
14.981011584664806
3.288026604548122
82.44974010043754
54.436644123740344
98.2281130330688
88.40528366881
84.91909450063943
46.23898322503492
79.60364921835506
24.437627765427205
64.43033632176753
33.15454802935049
3.6910410547553063
96.26372540794563
23.97239377295144
21.817965439722244
54.195133560758656
18.943290193170338
62.79903797321245
63.0255411745207
99.32248429027712
34.08597345947779
98.63610716888955
3.8958400872072474
90.93187964175206
92.58838814287664
98.09052977128431
16.205949997385936
50.59915074393714
14.964672353066454
18.907906036304865
38.89589869661872
16.39401074256437
90.45686475868635
75.26251845612659
78.9156898982721
68.10548950257098
33.271908303482846
80.32145964924209
54.8768469097469
97.11226102864381
90.2153677303825
13.657847117364398
86.86307047476556
52.18956982110593
45.98168512274838
40.30059859536597
52.56394082615261
99.58493725827637
84.13050742152993
38.41132352626104
30.522765044490807
91.11146919913955
30.307576027118355
83.51664878152393
47.62666825909624
33.101095369434695
7.397418331690364
29.568150019077255
81.55890635507495
20.01518309127379
79.7932108158964
46.46695891378968
61.39630409473049
44.503631282896215
74.47938927833103
84.76432430864863
73.4436350424014
93.83015914181698
14.611520212057993
53.03413789781571
78.95947927418335
62.901127793463985
33.19242564652187
81.24993917237305
32.58594121511794
59.751978859060415
72.40510320651012
38.57025550475688
76.6567014135281
8.942995053489
12.290153673740301
23.06555234267613
99.45964548794447
38.65011305657474
88.4235369981896
4.540331222433069
75.24599607051795
10.16825765694609
11.981094190196718
60.55218442799223
64.8994218051252
39.033609489032706
50.065704607414965
64.25628043333082
5.364231018836751
74.36974692466977
47.70233101901075
76.75393877473671
94.40595106136264
40.754984983129404
28.54616001171948
60.550298499271584
50.94525860632335
45.70591329861077
33.06188223634538
31.42261698864597
52.8285865501597
50.25189583332788
63.69752004870157
8.110431472881741
4.075610292874354
99.1986483821774
87.56942755467172
51.14065036709794
82.20423071975523
15.060844031939013
7.8169224474169186
40.69048579580705
34.00236494053755
14.137927142335515
69.44283475701465
8.536067086529254
81.2452108954307
39.85172247231258
20.96100398392966
99.98924108086509
23.747654916117
70.12025737357268
47.17255281048178
73.15185029897532
25.068897808133926
49.89841264189284
60.0977350679724
52.99155384903427
91.53547980419923
41.48540567788849
60.739356028368206
85.20449380930478
66.74184967932536
40.99174004043663
33.69135325508513
5.667912899396777
70.30879676016588
74.45721902794213
22.177917964776363
68.10455194810011
66.0536259097414
23.422451727366877
53.16373362801278
31.202514765747445
69.80094779496588
7.101098520936011
27.81319534975498
19.913657486448844
38.92145613940671
45.28171985802846
63.7124200151057
43.937995306603995
77.62264420772651
61.30406899006316
60.989327477765386
5.404356936010557
84.62614907050263
93.22325094467337
89.17802618736108
29.9776924808993
30.368430209244814
31.94608768966458
87.67080001859978
1.9995118845400062
20.3203613271167
43.5605588890723
59.78134041204301
84.05679532955425
12.85646715552966
24.450976957528137
84.40420299907314
24.051211672375338
66.55081811309985
29.754116829344458
51.43454261272864
15.449529195566903
6.420904459835497
54.72452108741005
21.917313703782938
83.61853499237564
11.136446776421916
26.50730366984697
20.582038798077186
35.91529125922223
83.31066650176294
99.572097995253
86.56710341789471
29.096164195768658
32.95127354132221
0.5613443236923477
61.42737813145311
83.59075129644542
36.04538216513804
50.52775860930938
42.62420634288746
87.75727335990398
1.9171519666282055
35.04778086949874
33.14836804759204
71.7044242223939
4.023415522582308
4.647027450960262
48.438472482260394
69.39164578447311
56.90892976035554
68.60741503331128
36.45288563225784
21.30349493204051
95.82655024503201
39.688125528772
66.93024670197859
87.11832265143423
43.70247766596278
51.305700187500236
13.687621909924363
19.155615787873913
83.21134324626279
4.9563885073836245
92.12403907595844
88.10913536818316
33.028896504859574
6.273061898500343
74.94032655564502
57.43051524719653
20.317705281346075
23.40564887039811
45.26676754453677
39.96067880325369
27.946824298752148
64.54895471900257
62.103803435637275
24.918710527638744
16.36259803844674
20.240325853751294
98.2729033475718
2.4507517420629066
53.68564287273399
49.33795546027903
45.441362108577565
45.11601197875167
45.30601390107463
61.463125686088546
59.07239177968555
32.78745319449674
98.73525827320422
18.057031265456658
55.374951326664224
5.103823743601488
31.999000984441885
95.65347701607061
3.246110741726893
92.08559622121048
42.45690907842531
69.14750884610345
19.430492634379025
43.010702249129686
8.8943214557482
34.384922498544555
78.85052287929965
84.02957413973272
22.82105748863493
75.4229499559858
90.22222903423118
6.322701500647843
60.378901335884535
25.65977373834497
29.29729102750265
38.605932312038234
62.55467370446907
38.93024489253358
38.527739064805154
43.11173782605007
1.1325371364111159
57.62568016416271
85.92610585537277
97.30708524816106
46.78051325763912
49.38186455188107
0.013047401243471146
77.79314857306248
0.8005730690531232
5.172596828136433
47.07059656863747
75.86061711189632
95.0069775211183
47.52581175532601
48.012930022173315
77.6380776470528
26.72332443439075
22.161374202037752
80.87789621424987
85.60160512464019
98.9879487855466
45.879585201259744
76.90669229588059
47.4743993773968
15.340226453649064
56.685539870435484
91.33109022781902
40.45521703968128
56.97710515514092
16.288128887834084
7.5380769803542025
91.59091368055435
91.27511264998212
25.64103191216025
48.92348035808758
59.203722493695
2.1862392530136
99.49726090905706
45.38621615667172
84.95704287429551
53.06145264727809
88.68498985833284
77.36742195478
31.930948677337867
98.75575568837141
46.72936720419795
48.75159935820085
12.134728367248549
70.16493646957672
12.47062003520366
56.12620055347717
99.45516517834798
0.9330910856651164
26.8638537967413
6.5782303186532225
60.74652282573714
50.10200805369382
78.9438845982766
98.18377002442729
71.74407601810648
55.58393333145082
89.41016366110792
37.082221195131936
5.651611195167472
72.0275447280335
63.09683018835468
60.32239238021047
35.99864319458652
25.510225800784948
12.376716927090758
35.19475695014908
79.65525239143871
64.63302081379798
82.05931453853434
67.11101483315444
33.31806969161137
53.38433821108291
63.917925554991875
21.831421081767644
7.744597360917194
34.205797118210135
11.521103005919752
67.01492688340535
4.207398074828239
89.13556483875574
64.34525898735909
48.35335407006074
26.238175708585267
99.87766092034495
88.90907942155508
98.27614375682955
25.69720269101684
6.899999309044835
71.08695194131289
93.00144699360159
15.186438881201036
75.23880908371903
38.254171882954815
66.2327497201355
64.08187491050855
5.682579672123311
19.688031609897994
4.722665272755899
69.95014086275495
23.733865912968465
48.24192149236677
7.629638428311081
83.17141412629833
55.224382234885695
26.251570228187116
79.67543769584144
11.434366121969198
82.65492158184536
99.36417587898674
17.434391995723463
97.18213008032667
90.13360951321113
25.529792328472368
98.27800614581864
24.88346861159323
6.015320214038223
31.598116384316597
67.36733080613607
21.589907221296244
70.15191624378473
82.96606851936197
29.498347521629576
94.25622186817759
43.60330586173791
53.904513640372045
41.41503964791015
62.99670592039538
80.99065177365055
36.77163846737533
7.889635356087155
33.978236961113836
60.518029129898785
39.1462123743953
66.72824672192286
23.686625187221498
9.741889834567164
70.45830761746987
7.481843931561761
7.109816531147395
97.24108465341554
15.107568673569737
54.77633092619158
40.54287607779708
47.30000826283054
30.030214561150704
42.20700822467206
85.98827120222234
21.756264483298704
57.42439346849672
13.676091041986648
6.491089256584637
89.9188837624252
59.569901470176276
65.11775026564872
72.18497048216494
99.52835268463616
63.276912839391784
85.21200423315737
38.81897889569984
47.083326298023934
13.070210103972002
29.696775496382166
5.181977341203837
74.39205672656945
92.52493669161926
83.34714306294018
6.044323027635368
92.93721366699239
28.432341152930697
70.40170444900835
96.06189685205224
36.81367546817522
60.829686499029975
67.69074964338823
61.20870243334925
87.90241112868307
29.305221219224165
68.16983699994232
57.58072895737553
60.88344877721106
68.46624579417504
54.91187638457813
33.81179339527095
90.15870425149684
81.3197214054215
20.148337109491756
5.875201273834419
99.5415550202201
1.6891028455461532
21.303133198730194
27.453713521686918
58.22886910910478
83.54391987274217
31.12880426850626
40.27590041882914
16.693914327533765
93.15467002593691
39.11021810203915
18.837883930639688
98.13966285023706
1.1091594519126335
28.98743490257538
60.97812392200434
8.91860138397833
46.71540651127768
59.29558866433011
5.8920395236199745
67.82960827953522
69.12529718963718
6.87230044857694
32.105434545356715
30.853287178631728
24.971771202131066
4.368426181625596
72.48764982426532
55.72178542249105
4.04904961467798
49.21716916226171
1.3318046725494415
26.78522520164148
49.79925573441252
29.26524191586023
93.49869015397766
41.28201826603329
11.838517038091922
5.442169308090639
64.11162849585465
47.99666060624618
62.67064027690365
89.94490990768456
57.39938629264398
1.582928521601079
87.90250886073675
98.42133413864354
74.65130539053241
23.264642905064115
76.91952894422569
49.45600059675792
55.865236964530105
64.46087434979594
63.75394862648241
24.34543891807771
70.19880698110383
9.376054349713847
66.56902277727997
39.724748427241195
12.807430520153885
10.77490129560561
7.757343709808739
28.84732938247482
66.42280881012059
84.9924221561218
22.38805999488266
53.40671416523621
26.159251669765126
18.922386724033924
33.622915739904016
95.12836379531008
38.223610363245484
96.4164718606428
23.88166798243001
89.09347084667327
80.98984347362082
41.49655045861888
52.46719434349203
37.563856053522024
52.66074742776399
53.48570756738275
89.51964995637069
11.257130113051073
79.45950693547094
33.3920020093233
87.69978786365782
55.32438775152422
64.0712766297672
9.03324839885129
6.840744745771654
88.25532456275693
81.86437407450661
10.568622231847424
89.74625951362981
90.78994003099541
18.599177807077105
76.18962235524272
83.14458207475155
6.920337219554284
32.61140933607759
2.6341821239729724
97.04804299287979
11.420998463908816
34.845739534963315
98.36376546848513
59.059991969196346
19.343307493909347
92.71262115296332
0.8027155652842732
40.137869877081
93.69888680322396
54.442211866869386
13.565474224448494
6.729404303872011
72.55302050135253
76.53991661445714
79.23897536008046
73.06900306371028
90.25035659131649
79.6912979433355
45.415955852502755
36.25826560686109
31.89816540430116
10.553261857345042
19.24558973496807
69.79571218656167
5.540514347808445
4.67292077245185
18.688694498332005
25.336924694277098
74.9779787119675
84.06048094748927
82.91772380023468
31.79895814139272
44.73053506942832
19.232162356055603
31.918401055477574
62.60050030576929
84.44216654593602
79.81392142691806
32.37917130980337
4.48772863533179
51.26720832666659
20.406798870875598
42.3995368303959
74.44845892028388
84.04938753725699
41.2844968318823
2.7280866294431494
58.75500742461048
10.49211010205864
41.37489358722124
15.05214468459879
45.460395921646615
4.818606358406951
6.17029916318611
46.026287899377515
76.4455735906693
10.681573430606594
63.73752215155525
65.96675930443485
20.5796351955575
75.46476085739093
84.04526694234453
66.35461660033306
17.750264606170262
49.771906508356444
35.36456150482669
93.78405901265673
31.506546593901774
53.50864682071658
71.79158650602726
65.24942186187323
68.90439393057886
30.55476082969517
11.17169393485523
82.97927257463652
79.50909822812892
21.751205205744807
1.1736816421099583
54.330725731835784
73.05089516881208
52.61504390192483
2.682104847914646
99.99026854644744
66.28805150868607
70.0490913862656
20.776662204503225
91.86185702650864
73.26735400865022
59.07195955623905
43.460917235746734
44.9102281781801
51.41621311101024
86.85353775109124
48.788795440794594
22.67171857407758
38.30537379573297
86.3381927854002
81.78097947487149
20.608619780698767
15.724027850650968
51.5661889995444
55.55506952473822
84.96103126266368
55.96070340415311
48.186835150207195
95.46378166581285
73.29498745730682
10.939382100337669
79.9669510997939
91.88582843833312
69.31618569207049
96.46533458122715
3.566263983316864
56.945858321526025
62.47889529003285
61.03305990069373
63.30195625597091
67.089863193582
38.048259314574075
78.46712609666142
31.048150407437504
41.25058852968937
57.30365551417355
66.85634208884477
90.77241323525111
36.513988010249875
41.90711945983582
72.9661212303674
58.39419927171123
36.03607619646627
23.438724146450983
86.70272221145282
11.37693090511468
92.79520105539399
26.361543610081185
59.41723813867679
4.936870412079719
16.977520101147846
18.524247771214732
18.014149173207063
97.74217741295784
40.24881053576347
7.5274680627429476
90.20533878920929
25.667270778191654
79.06986657681276
91.5352798252074
69.3434661692676
72.3864374370203
95.00289816795173
21.296185267685907
69.67404960242432
53.78651145829847
55.5368108949425
70.7367193723849
76.22156493090824
26.381730375641133
92.04161116194888
27.207182704710362
54.53264426844539
18.680135698587186
13.322034314979236
13.445732738842764
64.31929940185206
43.65180348720498
51.3906731687659
14.142068007634434
74.30228056330338
56.64771324322708
52.748306010910376
21.23893416872704
4.639879695171589
45.37942538487687
78.42582012235707
15.223727053541413
24.5821800402967
17.99476990450637
55.03426648923857
24.09812035586928
32.0741148821414
95.87104585379383
39.97453999123108
24.408052593426
35.9080863346955
42.759343997521185
11.088592367048001
55.2216457696056
48.36957274612851
12.402913562433593
55.72252200656169
16.705178473055128
63.52648205575486
76.99505298821869
92.8107187673175
78.89126852701692
97.80615094119136
83.21058546963648
64.4169571633269
21.015975916398666
50.48527330181055
99.00848727791033
18.72452540894438
71.51222575767527
36.6660113428641
38.71758036356554
79.23599831835865
37.87012360646334
32.89609022023392
98.48223186540065
46.18718829112356
67.77059824536194
10.808457625567225
33.39895657614633
84.60125260140843
34.37472303905648
92.14585653453665
35.32335678935922
10.258564920105007
29.913922769897273
98.91611915749218
63.7719886682702
95.16394356900253
63.28399792424912
75.2875764633426
25.122344772195817
7.144112246994084
78.62113259134345
39.856395639795394
58.917483483212386
71.05917501257598
14.433368488325748
53.32027143518402
87.16390733439529
23.8590490920378
98.52247892392538
59.73853904784961
49.253918244317966
1.2540430162858218
87.26075300912235
71.47813340749506
64.15059964360907
64.96522506789788
21.58794200482759
0.12001798739593728
88.90033792033466
43.15176249642919
23.520368768294787
66.09947509553375
33.78142183671293
30.250856921015068
36.17981008748542
91.24178446519467
9.634449216675344
17.17922171425501
82.07130768519167
68.63074845433364
54.14579179114338
54.92685388356367
36.80498748737895
27.52527539026549
27.44959200386028
4.103367437696526
53.241975110263375
33.59228479286702
9.53812614668179
6.877500133794589
77.63359027637567
43.99925187882755
11.830136788968082
16.18958095783646
42.653423958340966
58.23789182871839
27.320920361716727
69.41841074365976
44.97085359304387
72.27469472829976
61.014307127533364
65.70481634773223
73.33344221682539
33.04527403040619
6.204604299668926
23.513816915280515
88.3889400830444
9.67611595712501
29.50331097159341
24.2527064946235
15.273982167307377
69.07972140787032
20.979936208503247
63.21013289577927
58.864706775242915
93.28687264795059
84.352450699101
39.687218164673425
79.40653813871899
10.472545575454738
24.481065180682705
64.44047918236308
2.805334515249547
58.7017317293019
54.48709112482778
89.35141373468139
14.268245692021086
86.25877708233239
60.86463408212644
55.99878090648922
42.316226314905656
1.4979488326718138
16.149482862373475
47.5125571891161
27.473970020690697
14.217415048521021
41.93335305004997
38.32365822688955
70.70365594233718
29.93978188448899
2.3200627542229846
48.56264955739643
72.84851049675395
98.21107729858726
15.074603784150863
26.936353021353156
1.471499665366205
37.40342686611593
47.44139244833845
64.09084459385565
23.75702887675155
18.92697599190487
11.055817189132588
3.371375729016035
57.90184325559452
68.4507545255309
95.6983610438582
48.386638458079645
39.965449414531626
18.822056668207164
99.39038301069499
45.39575466131217
16.95871698750263
1.865282023848125
67.32753267140042
99.71046974880825
74.03045786218357
18.94089111793319
82.06014831761479
94.19200579183101
63.87378817041495
8.557748647009012
1.3721716862661881
77.40462318759745
41.25693593260616
26.267704104439204
16.525472746348214
50.49443138112751
28.768003821241116
40.39457180852537
96.04919547930488
46.713909137226274
61.25304468705083
66.29386883018054
73.38607474258836
98.17539645748707
42.96652788557424
9.650724604377315
3.214825038451885
84.43031962832485
81.20584128123879
53.13761203941889
58.90084753912198
73.46195918785865
99.18785732940515
83.63771661586566
55.3798478259391
18.520809992960718
36.344068539778284
69.35582303191588
1.307827940257178
57.25831313360238
16.265515883597658
5.799247444874666
53.151276403732375
29.996878950172945
3.5922426857018075
61.844979904733485
55.56722471475638
78.08145041260104
89.85250450529144
84.27459089368514
94.29019545189298
13.383596293724487
98.40112877616237
63.47819857410308
44.678768393666935
10.393323195661953
53.77158866366643
61.16219258122327
87.38537465629338
92.45544870441444
69.5640340953731
79.77848223226877
84.68789893524256
11.55009463632135
75.28614951856929
61.53988332900611
90.92990989693729
34.656254360180505
73.87142872541033
16.410742628007856
94.70801609925364
25.501365031659773
3.025688216175959
14.644954590064996
79.65873132875568
33.28069418133486
85.765626362071
67.37137048096031
22.170580331426283
23.270155573178297
25.219752778175074
95.13419748845558
47.828265685778824
95.46893120049175
11.598851822611367
96.38544637335534
76.59559962316867
99.79134523529859
29.13998050173584
79.83618713035673
69.1560275544718
57.94754674323903
48.928945814843516
81.2044025117774
40.035000512118145
99.6482563765676
15.863786629389976
30.069683541301927
83.78843660732257
65.20855001656057
15.648959795242156
7.969760211615807
33.61596882158664
74.28593515281926
11.116413151232962
23.974528049631783
10.291852259101475
41.56281458697026
84.89302767595134
54.8985123389844
96.55049492323002
85.29553646789599
8.619091405452695
67.27592154005505
24.95797512825668
40.34832610529
58.65681165106803
91.0346173923297
82.07397137049784
67.40931056276592
91.2549847165376
93.05769132139577
65.12340964431532
56.03971237158891
40.64848230749776
78.41659227968447
14.438166606440618
79.84655699057846
24.794337071868455
11.3072965585712
28.761602494975115
82.5773391155509
22.420195369912754
75.6266953217809
70.56899493390024
36.349379865030365
70.05897362305437
21.315347603313796
53.426455399439185
26.10355997663906
24.840137779229476
20.47153213805779
4.0425454619612005
12.040643302795894
61.76637433328265
95.88779902770386
77.01468951901114
3.5306095682456795
43.56270485345484
20.0060050466626
73.71535308664487
82.8682356688737
97.19571351920735
21.774380045209085
80.76058834727901
19.880652990036975
46.231738490983076
48.70017701637982
56.85369556956439
39.35311874667777
10.925267725662069
18.885922709811464
57.94682781166638
91.47863798922037
34.814856567571006
59.96792794216841
77.12724818913233
16.83154993218563
56.118683880332235
88.39631559223952
45.02431553603255
12.888807590873263
40.16234372090711
79.66922357750714
43.206041216415706
75.38518871594616
91.25498340365384
8.152643176372376
79.1642612832876
40.33567234468441
62.703100051446334
64.56106874449723
43.13720641786345
76.81882765735905
45.7945652436947
58.60831946457756
91.13410353240204
17.088150171911686
32.963893951226794
82.87245114198439
94.24527075626182
26.897368540316478
14.585184273924822
17.6510258472929
68.61288594974017
15.163039230323372
99.4806510125167
11.51692914099096
60.859378971831156
35.54861983398868
25.465482016144612
28.31168663283349
25.437626686650884
53.277176814031044
4.6351072897339645
29.650297616271814
55.26555119553767
49.00378632041177
58.795680225773154
86.23855604669734
95.51700219249095
27.397753643015687
65.77321409494633
66.75478830753447
69.81497605698436
45.66619450202527
33.41022145792664
71.4655671068183
5.996697400367202
23.083678873432667
36.8477621368631
4.359410551663756
85.1243196653291
2.333147486634224
15.792237924425379
80.72610894050408
32.155410708948054
45.59070732272406
21.087299072414822
52.91527685008355
34.61403869451182
33.274079081456996
76.7487983664794
52.75252522783826
54.041377142607836
12.535343754908112
89.72315182709141
20.30916618100569
51.93020060156438
78.5918021522676
30.83950248780828
11.268484798718248
56.17340564692075
3.921728488474685
74.84312434370652
68.43769057446914
60.496887332946656
70.14986763413984
65.12199186983398
27.593658502356366
67.61706051612431
72.02614383864395
11.027899150717445
59.54280540803367
98.81871414484345
80.31733957964556
98.87250087877466
77.92605177227763
99.593665147282
4.39399028190074
1.413114511265623
54.38920140517087
45.3928491250658
6.014965966128205
72.48188244535415
37.41313618851585
87.36555092297242
92.3897694441006
0.29102593206233873
16.736387204942517
75.3152508855296
42.23017298602434
2.3934275649643455
19.196173876529766
11.374519056386745
98.4346728866501
37.14539842309509
3.0222999089110747
2.4216658416267856
70.7497811067849
19.826293228512682
1.3812346176033885
98.32973606670828
22.071901291965943
91.56383459378151
47.438677285401695
86.77657984460419
26.471968075932928
13.833144171362344
79.63172685590543
91.56164605838786
47.32774512949314
0.3419362452816044
79.76941631224234
7.4803431988165965
48.753821376392814
87.02404166102139
9.897860714197094
84.15140749548522
85.9516474473784
83.90996004973998
23.044635094761357
47.36558708030879
87.86536937591133
32.34730131700678
28.524444693726714
78.55069262134799
20.956345331794935
69.85006411563202
60.81670304695962
12.859273686408923
95.09877034139687
0.41868651605345697
82.2980201272896
87.29579196093619
91.5827732637431
1.3007651885326155
77.28689606025095
51.77829372795879
29.17062153231559
45.75400674414076
64.04416661527907
25.1979535238788
43.3508235490346
70.60635965752073
65.37295913113996
47.72836791369402
39.60961941263065
20.006526540114344
97.69637633940455
40.542796818187455
34.60006538784195
56.7987522552728
19.53288363461493
23.582965103467913
98.4018283237984
83.16441540854905
61.17382440601039
3.65079388033992
33.701186793858525
20.215682622232556
78.88077259110815
36.838412099367254
5.930105483555737
97.6039076935266
20.04605481366014
53.656730166247776
82.15945193045468
30.617218665773617
73.71519558643979
77.83744534787877
32.05179285183646
25.843642000470048
71.61647101725396
27.348037804285998
89.54265080643414
44.60501437862725
63.03538960983816
13.330471497615271
42.29320475339659
24.24066001747289
17.78652038022962
0.24139549643008573
67.01625485422835
1.830759664466075
43.57193522106345
84.39888965296745
63.360482841295486
2.340498654715051
43.37578051161438
67.15943396921833
74.0426530378283
49.99616165749978
73.3163220826093
7.834862724750469
76.22980950163611
10.857302561915127
1.6119749673205175
23.107798545040424
30.728966824742642
88.2829049642929
32.10197431851204
87.05135158241443
24.35184705556608
66.98441578386188
66.25197176365916
94.62120431034984
26.629455576006265
72.52035727119821
46.244940816070525
76.28310557371717
36.94904607311855
42.19423600313114
70.36059224755724
2.53284845951931
17.90705301647605
95.80056565558743
67.91324258522647
10.214422622289998
17.788830257939626
54.419275331349894
23.897503668930053
45.75747576531205
29.268590317617605
43.17353612264023
29.508778335750208
24.62509497069182
43.434166218001536
24.877870487619948
29.435069489587462
18.773156429996995
78.2993649772581
45.70081055164547
37.63096462483039
94.39343112674739
43.88695804465894
25.748287384929867
31.89025336097765
6.402837199628653
0.9541885877463407
47.38493863707205
77.82394200020707
63.09630137233566
81.5111792249675
91.91626254587688
30.857809069375897
78.0858676704556
26.163993208152426
65.68081214122327
40.78411420374619
23.017576041992015
60.796174488763064
71.20253475841783
61.29588310596931
2.322937179372686
57.36792132425249
89.37832013176981
1.7140489580107499
73.36941369336402
78.51294844725898
17.14420524988848
82.4631628309341
44.527890977867166
34.91055546433817
50.86637694910434
5.765448733623324
53.42538853076437
85.35478944023936
35.39689958162398
96.35412615770235
36.497175783627256
48.48294531873071
56.61404704406533
95.25420848777983
84.44311352035895
57.47603075113147
17.649543573051762
47.80558605319545
32.86291484344124
20.23802172036501
65.3277568907198
6.376881145697522
57.789261532583204
85.43974779122931
94.11922941754719
14.272496481251117
2.3435759980311777
18.83535527863689
14.47502352985337
65.29070969221766
0.33872135298776973
79.38331271842733
60.7658828482863
25.006521307388617
61.730522334530605
69.14885994481712
7.447713245476473
31.099206614807194
7.295066699696995
26.130499371776406
33.842966050353404
5.556174686708548
32.7033336065342
14.238691547574456
8.046914396652305
27.905417897362874
89.59587133060691
13.58150766420183
93.5406018437126
66.05827473670767
26.39798474955355
54.129868415550696
46.57054327428789
37.85364192381516
41.53616925827994
82.48573377049895
41.545519956154564
85.49272914241818
39.47555310201363
27.7000057836814
88.16855078177909
53.0515931613033
87.24043278679835
87.25316808980217
53.70960507650899
48.07530307199575
23.47656130198188
57.66419228769762
70.6708158098196
26.824965863625415
35.11460387123934
60.4691689267448
14.590743426427244
3.231928876961898
40.822478234471895
80.57713213168049
76.27872942342096
89.4923647260032
25.200149473363908
90.7761823952116
93.68054405756801
58.821756709462726
97.9688346821879
54.9549363268462
31.83496811367379
20.930006004821443
66.53958653120841
34.7684978466566
52.30561263851682
3.6555411838223417
88.90116365553934
39.39616305268483
94.63663433710154
27.113281844552972
73.41475159279523
14.641473733851173
34.78037700704923
3.3514613357595424
43.09877014289931
32.35001599040811
31.209706272101954
94.93345150207313
7.780356395512489
89.48275974005327
12.984728309568593
42.08193800448898
22.075351000364098
36.94793960654982
72.56698236471375
49.739529953322936
82.72906632224276
66.67514287290604
8.664212071515731
89.38103361793502
40.97641433134156
18.586245759458087
79.62603329552131
72.93374733763913
5.577819428776653
68.01777681654487
68.47813656396745
95.27424638692781
75.59474278581851
94.31201781094298
44.29765133493797
92.91637028988198
32.76088084035508
83.1047589701011
49.972844926638324
45.54514570291547
80.31110499561734
46.33779440068473
0.3013215078214504
55.17763962782231
17.277824592848347
87.06294896179098
74.67265591332018
98.76151190975227
94.7663122071866
25.592197822987572
63.426650096851745
2.2833242430560396
16.046389375707992
93.16641957916606
2.0329300606363288
88.08648610993953
66.83909985208575
77.51279921427133
5.521212894936789
39.74413098597957
64.63025883277076
46.611921945171375
29.94071858973385
16.740686188369903
23.966429776531896
55.03445805066774
6.230743457129872
2.557277940901337
57.38093587960928
54.79136352125244
56.19777869263311
13.778578192029622
45.939707136747934
74.92855468504352
27.773808951232137
54.583919888966214
30.881267598790785
24.362834714109827
42.656935080992994
51.26594727420335
75.47407949946488
95.50540295024211
72.13450865540561
63.56403819107877
49.991522032411616
81.62167525197873
62.79108536339525
3.4816271403450894
17.976412178286417
67.36401968558799
34.09828760259156
62.20108908759806
68.56436103428335
94.74529887692182
73.41775107019365
47.29562192195389
93.45395039492227
3.369874530092476
99.90097285926282
13.253682246510978
98.6723620451588
41.528956163212484
24.924857075088735
22.08602401052343
50.214390608271046
63.83190039641368
6.982713565942278
98.05654789102239
27.365086657925765
45.153025584273735
30.693682777904264
63.50942181822319
65.9953940919908
39.032444811413924
68.61066608084992
84.26141155380424
89.80784913958374
42.71514068044904
16.62392414766971
56.003779894510245
96.40616626829839
84.21923884467779
95.76009062610441
11.180691865938996
65.58212509948926
77.07135045094415
45.066025423582914
53.38228316946908
31.907093049970992
77.65236425379129
99.92943387649069
34.11192356835535
54.058914045937186
90.51180720311645
18.74834199655624
60.52311620924713
66.04771261201763
57.03100867817604
70.6331540506036
96.89756080918008
91.88428177309426
87.39433192561805
79.0059534381382
89.45438380405412
1.6231064525802141
7.551905969360895
52.570973241800964
47.92881056376057
74.5001044941668
81.36858294598603
23.747934753866286
62.32883708514261
40.21780785198138
42.13454573916358
55.62060907602612
3.0312751254098713
55.06604265440988
44.91599115193349
28.67944850827363
33.40463039530923
41.33892409620146
78.00207355113518
93.22139575622971
45.96945899509651
33.96915145038773
14.122294175119999
9.876879987618704
34.27724333897279
25.212764693222578
91.45745153300717
36.773664439047884
0.9318566663676142
23.05772990422468
29.659894243778652
29.95489197216824
33.476753083299215
37.16289783534792
16.201555876201102
70.64954043225637
67.14385420188856
33.36278810994136
33.682889832521965
41.6184821326092
54.82650768617214
71.9998026658619
37.40957374358206
12.286087312132754
37.44381361156211
62.063383853679866
46.77847360457943
39.573061997026194
31.10094732968066
41.77165824628465
66.11533899889916
27.31353549515386
12.617898873414724
46.869915283057026
92.97901827500232
84.59029579089068
41.92806355621001
49.37841364365926
27.647535735180583
86.9539150270561
3.7815937498430596
84.7176791055111
25.991938127740923
61.881005019405286
72.44051620025965
10.671414616896602
49.82369077403938
7.618739572163557
45.108822353374975
49.461300608241345
59.38376429356025
90.14548909311057
67.68092519675645
24.62300326877761
46.51998417366756
23.75374347382936
98.95604361075627
55.33878685692548
23.718749817523854
63.12842989719627
28.348267109132074
33.58587910272851
43.17041606708724
48.23502965528414
2.978776786303594
68.28344311729867
73.70171311967788
24.4848620873939
19.928427734870134
66.52429237557274
27.206773116344664
57.50397887445837
84.84551596835254
55.782895629825504
17.681912930956855
12.084142029023948
99.34091063066204
41.86080394800871
52.78677801669986
60.76004110653523
19.357698404726385
49.056781209991605
54.52190803840667
6.629649458637754
45.86592628346033
27.769839664707252
68.41366088389019
13.390951418712927
73.98302481815381
96.76831905732227
15.75927558497191
53.02139862660001
21.074666896352735
94.15192114665632
27.235376957266045
64.90188474387647
99.41078118240269
45.906633851771076
99.01381676743253
10.108209314021533
85.04116481711156
61.51692951741712
60.49754955922209
95.25573318107723
39.7348459231576
52.27245566664989
0.3398931970282293
36.96384547392441
82.52032033694272
39.36111939756886
8.316155243258837
75.72318529246058
15.203010336064459
28.363720455946318
96.4903764355677
32.61045478783239
1.9837498157708633
55.069572076448495
18.93091944665999
24.30987682903546
2.9608488385272635
14.604045426406332
82.00449706822033
59.94785871139361
40.59586179431466
89.6690237494668
53.25419081036264
77.95176815461105
54.08238446603257
63.017942039695555
70.32668005098189
54.92260675711277
78.24790074178324
13.699144080257375
71.24805506547631
18.158739931678603
31.57562331843765
93.36912431661246
43.57072714896185
65.59489052060648
3.940381777302149
20.221634387617637
81.78538948500699
17.372691712003675
59.094349480431454
8.560558517967431
32.30603768968041
18.253886884069725
55.31728836541657
34.56641991883123
47.52166468765546
54.41344155246293
21.860529537002794
3.905965052386806
52.8228410227785
3.506097668007646
43.02617497532919
76.4924350682481
81.15300064330711
74.31404373161867
98.2224012380897
61.09982432465384
53.69384897570099
88.57571141840468
77.29695346890014
86.28859262318281
48.950775529136706
10.400327859989677
26.278870945713184
61.068641703013505
30.36885097726516
36.09167243537217
69.97481517836665
18.67441816638754
51.25521398194483
73.81175797795551
46.16165839987326
76.16331033642335
47.069356522347675
52.483315284499575
78.3432104773265
32.66342368521591
35.89046186523155
37.948933950092
64.87781643480008
68.77710466793408
40.69805771613816
29.52365761303659
93.71116617615989
44.794758157252765
84.44107812556722
71.2851887342939
68.62168897110938
27.885496111805917
55.098923164952176
33.9124417928221
56.76674744014356
40.58620879653273
3.8827368526000883
63.23238476840092
19.258988937637554
25.94502464171773
30.867315966022414
40.75764563241462
50.84348995790025
69.38160664428896
55.96159610732592
77.35356781838459
24.844237604957055
74.54551499086743
10.772095849593788
30.988667336061347
35.401230099615645
78.06540150314876
40.40447305493273
0.6403227898100439
72.14301064643735
68.15729051610754
33.84478304611933
92.08355212348931
69.65671670335402
39.947934662814234
25.757001957964153
54.145548490236564
45.71673399293933
69.85542879884218
20.196724599964668
40.57947229943918
2.419058298363841
47.89452508715656
27.41995876121709
39.161420849646575
17.983314599649724
72.58991463236907
44.86142850384234
98.87334608127173
83.37631576552224
13.582353013439462
36.27792969561167
87.97265751417562
80.6010433130939
2.424620044221182
18.265184811583033
0.5201551329183207
17.231193889369877
15.534650943347938
17.83525727189411
8.805888711823496
86.31670013133207
91.8149085131566
24.902420181671815
80.92604864358309
86.83452720412048
10.616273594522363
25.075514757341843
84.02561194038879
44.92974201811267
57.03529174820371
35.11069282919546
56.3849791661601
97.54343317502872
28.4738312167049
93.79569833848949
83.19401592723595
36.562643715601816
34.069378873372926
5.9544468750689745
33.58561337665068
2.760417917716318
68.23952673373141
62.69635105580377
58.2554132559411
62.38965929000004
69.90931251761933
52.52089948898718
76.86678106174973
31.713481291401035
11.62799297179492
80.46566679982645
40.868543915502755
83.39608446375196
73.5491927810478
7.752569390974939
19.771675998697656
62.1661580304347
12.77830678760804
30.787914347625332
4.262539547282396
28.41544503414767
53.75103603596357
43.77670350362077
81.58780122275807
92.6759933578495
98.77105470798199
40.21697080813681
77.66566221159404
55.04180866076685
27.822941523280498
52.22228768014975
79.25291504102645
68.53419941185545
95.87103590102276
99.20822525870594
50.815580962693616
34.35822645254779
46.75232300742336
65.13208564444768
