64 64
38.1633825344504
70.93460749109055
60.26271246236554
16.473850607862506
67.10058177145896
0.010573951706260853
73.26198315651855
0.9889959728470288
10.056001930101143
47.465572961748315
3.8901144326438986
21.082831127716517
20.964657142249767
58.738723585367794
87.9791188796779
14.650488094145109
93.64427502764198
70.44069418827056
1.4457584469978135
71.81258041714149
22.735926120690063
55.659102568887285
25.911122780492303
26.94452533010585
12.14709630418007
8.575391678628785
84.82110647482952
28.731579962329047
59.36122858100513
29.762373730200576
97.79898030505153
51.302449275731234
56.86178707785462
62.879998258295544
9.40350905735473
10.021704818245736
25.041464289542027
39.43425909638323
83.22086650987953
83.87136619043034
74.18855599062765
96.61386418172675
82.3844489745944
18.363485461835904
27.416703148127
4.474317369524727
29.95346801635933
46.5989602957026
73.80627990314788
98.3743909623578
28.495068772796415
7.646756349494888
59.62634075610573
90.73195013781181
9.448752520689652
68.11072481681596
35.81844036697498
9.935865114238352
97.31560931119193
40.11739877260593
58.89008139785403
88.88802013729205
65.7395652274057
45.46521678538522
29.873451854535137
84.7658342526384
41.67627550857935
53.09674343644538
94.87704698300321
80.54473343465341
70.00475937815696
32.76311668081294
52.142582011025006
84.33050054836019
9.546574255574958
82.46892085819495
4.845358184581805
38.007100928011475
33.377452518161036
99.85564419752595
57.887429628698726
74.7671450447546
95.82505073370358
71.88259497403946
42.08046474264604
8.630109167887866
7.5284987605030445
19.54133352974973
20.831864591390858
55.60216170162289
19.229232591216615
41.11457587937478
82.00446204397593
37.61824116389859
26.246187400981857
56.24161017612369
99.77279698068355
75.81711601573713
96.44317832284578
4.846485839096626
9.163516128404847
63.9272733884375
23.345904815736784
25.478324407271614
81.57131389383959
34.70219695383816
65.1871227642272
47.51004887898901
24.333084918693793
52.30961035820649
17.553479780175763
31.513424567383687
83.6553686168335
37.48172720021735
44.18401176352496
31.227516387372866
47.899036705690875
20.447166268729944
30.90589452600401
87.96096666164651
51.406141852679625
56.54915899509283
48.445318396290894
21.685871524623302
29.560682560230177
62.201907902822164
19.76747527770948
58.3874985455055
50.66590407695103
40.83194819914107
63.09209413831836
76.4030278320773
95.04771670670446
95.23374985116666
52.298172001510046
91.40144372909667
36.992010428074764
44.03132072762682
60.22073371092335
77.27255101308617
13.987141327456854
30.69729387487157
71.34012568314854
97.08380266277625
52.911999928995144
17.86782463623461
27.02142509610701
31.25746671175895
26.334861612890094
98.79460925569052
78.6845261293986
1.1816432278323963
12.41450580734097
65.47495396290837
89.12384136197181
99.8386001776269
61.22944869763024
4.754912393078725
96.54397156296162
62.394797994736365
3.6283194070205416
34.63077158803445
59.24809659160748
24.89631211818919
2.3897716720232887
84.81193803724521
60.27788419867246
7.546936457528208
44.06305440269664
19.333102883183738
81.8480277922934
52.909244439277295
96.96155811001071
43.190771479144416
7.646443998163188
12.173912827006195
47.946726558423144
12.895549558616182
55.34702508340822
40.384478716234305
56.76251865951504
49.35099040079657
27.75157885687306
3.3459418075251435
25.273122827862625
30.805957311828415
59.95863452195418
99.55747256400629
91.87581731319675
20.673699383302267
29.252291383523243
85.26910331074481
49.27720229949928
5.275974214010903
28.34335271644447
93.46656072957101
56.13846042929597
44.621359017815344
28.071551572157794
12.137577112303921
29.415562327934587
34.65353330692695
5.733061534019745
41.43406084767548
99.769407319215
96.9799645625841
60.5758853095166
29.09444619641157
55.193554140526835
83.15682513722257
48.478156176383166
68.66390875229791
67.42685267932515
30.67128368891805
59.39035008585436
84.61657158817583
92.07002614950046
30.554663174367867
4.952942901378831
34.31855480733327
44.762896991575275
28.990127439377545
88.11432963186638
45.22779528703773
89.97133997098058
87.64808111027955
88.6313885389483
18.951186532550636
36.93447723648907
8.622436049683147
85.1132613708403
89.62706000406322
63.23233007935208
76.72582847186246
12.100800622546648
83.82351345375713
50.798027785209776
70.09187369631843
13.48271776252995
77.15990617369549
21.799420401740388
83.56918972570368
17.72336854786831
16.038863234030064
81.44892207568874
62.09254420242011
70.96373014591865
78.16267122432927
15.735931695570981
0.3270295775619769
42.887204721124995
83.91815542804706
76.8048170238999
23.450840223902702
88.35077732119997
8.533798326850473
87.71396362255308
20.613447602386938
52.01156925243238
57.01887848079785
60.25848734015803
90.21250787154406
77.28036863901566
85.92798203600096
46.81679612505858
61.7296776098908
68.74732098989193
85.13518329837166
52.328348077437404
63.62389435153093
87.75477678162973
41.58806986029771
42.40942186807808
26.866136037834877
99.30270554610564
70.97135264630171
97.91738801925342
3.1065207556074004
19.88178593896125
2.171472925240603
64.98050126098494
74.30176213636828
63.00946618708147
6.5199483975157735
90.13142725665404
21.403672178565646
66.29160822986545
3.0904393770785354
62.28086401910573
45.98022274166438
32.007371982467006
32.97815913845555
33.1120154289129
96.82358651954313
91.8493048855866
2.1579070793259048
82.63501459545704
41.01626648156702
30.742635276050446
51.98422289479486
61.89525887962122
39.36003243971945
92.28670277298502
47.95109841840187
6.259348143008947
47.46179859215714
58.96902824065023
25.178989043324563
89.18674901689165
83.67311395087916
93.50908924448784
49.53679996660957
55.80922633490738
56.02525493864833
94.30155485343896
98.84966252383093
36.78811623886664
74.3861154157446
56.31528152379537
16.690109988285474
92.39601155155087
93.62277661936028
2.3010798801978427
55.94885430663029
37.814924191437825
3.7591689429849917
33.04696426452601
61.67993163194514
73.49682585908522
53.07643344065477
21.960475097444586
16.092028953536875
28.68377209817583
41.889801098590695
81.28694626159178
38.98728951357337
59.88345808861503
67.76943347723989
73.22532893236286
5.861982975044011
44.9529621866358
96.00355072307495
38.35173585916952
96.87756070834784
36.28804725109481
35.487368135069055
36.300772583598764
66.25407367548371
29.873223434425345
18.469899839119087
27.262218815824614
86.55777366351144
23.33304312271236
12.158467186738475
71.8101039328581
25.887209643181176
22.810933211147898
77.10357867054847
67.60529859711922
0.17750710874199216
30.69714548606569
30.25258947536106
2.238356183941559
16.81051300865093
60.97542072294545
61.222195572857586
99.52549705369789
57.550784325509966
19.513371998582983
30.21654148212798
88.90876419569706
31.61987172413908
42.62871695153111
51.231914058890524
85.34531657534933
36.47697805709722
55.22548619538379
53.73725097069381
38.941166148302685
61.77736391428864
42.01357462459483
70.77662522900006
92.77262841859873
90.74426782808587
15.812528716991636
83.60700493616126
29.56158056752358
69.27940987532266
14.451146581545371
89.0759098870021
93.02673595967023
4.981336898822564
53.45141624348304
1.991631845661035
71.09736331332228
23.693616639626214
70.12731546688619
95.70412992862519
25.45926009674977
89.86805603257937
63.58773515186965
41.30275550365715
21.161291513871184
44.93685680611057
89.59606987022258
0.9133105594913427
89.34261790852315
55.793985559318735
70.15482219739326
11.153420284453052
23.880276100483478
79.01336731461771
56.0879049583838
87.81278267987777
30.228541326417112
39.04413108453102
38.492352860566704
24.700942541085336
31.541918367256315
86.6401224989311
54.447881535294876
76.17850361868199
0.15019205241211253
77.31599614387488
57.78259351526569
53.32641414000281
20.834630781233866
42.73086001682306
52.38767587855977
37.67385654915907
35.12956619071051
97.85559955025059
20.60263653910677
80.34612091340783
48.55805896478855
97.1799823914098
86.732162385116
28.686270696334613
91.61627680636659
10.630490216172683
53.54511876531195
77.42261249966032
27.31906991473483
67.28408648876794
10.224220572872945
29.3083545694932
24.974184169709147
62.83674474585293
57.339940622125866
97.96427081902328
58.01492822131734
55.718964702642474
89.93686947970347
85.45719938062413
34.15295777561964
44.914755637893144
29.549493182395214
8.73631696646835
54.13292963355056
25.360788549634904
67.8035488631367
98.15783412950681
43.459386406409884
67.54267566055991
4.7175178532464335
49.38126131744974
25.710886399359545
58.55574395314176
52.49212545353097
20.751328304215033
26.844523658717414
92.0117229220437
34.82554742542789
86.6566169936076
24.94329170077676
6.4988887752734374
56.95664002417985
26.74988821091786
61.949117498316454
15.705464145501358
59.2565607837105
22.181610176158472
29.105370984104407
38.13462305816528
55.08153422604569
66.32732527169168
50.499956061682106
57.51311436032756
0.13185984913716142
88.85797159819357
8.923398256639548
81.88486875646669
82.3772491686625
98.44759827246725
38.96027570360878
17.15676158714967
60.61306842347429
73.08511463400593
84.05202750479663
31.756611305054683
36.313060530713685
45.37241118545372
0.666090915212092
73.01966596175413
40.576153910998244
63.81031859601849
53.12933103172517
20.413275072148153
57.84124515108711
52.81184463273725
97.39426940146014
71.59341335676349
73.1620105322199
19.909354951730574
17.296048645933826
91.04662207948579
24.826514910893614
70.87534787342005
64.8007822798621
85.70434778975292
12.469783482260354
81.67850990654712
9.224120081910725
76.40113141013416
23.219394044854624
36.068134657549024
5.388246449560552
68.46916270160713
4.248352643197617
18.10967317374631
27.85485126350028
95.02845654284286
80.6958423734161
0.18597165403710925
17.427468835072812
41.24160529136128
44.79373233590634
73.31013932761566
87.84554215950095
28.97529272933874
35.57522730709755
17.39732203764659
52.22136614373613
86.30505905694622
78.96568058822557
95.0568749922589
12.331355441144098
7.825010919333463
22.983457612566347
63.77393104861461
12.610927267863591
94.31382583490662
61.96678724492409
95.24784727551469
59.879452374630624
49.70804473061365
38.938401911062314
66.30444097465585
31.10518692742329
15.58269308561866
66.4211206835427
96.59350738209308
46.10657058696167
20.80505523165881
47.73882662938006
74.69258261078056
57.786912007470235
28.633886193378586
94.99632773419683
21.554632978124076
55.996864945341294
55.31138227497922
58.987162808770556
27.51162970811546
10.101325352901592
28.84869628517861
46.961261128586415
12.936180904934691
17.425142605864153
54.16837775449018
80.5475270623839
25.97161636456856
18.91260647776003
29.134184847427512
94.5769664466028
43.01713353497762
97.68822615513156
17.313232383687993
61.29240146384532
18.652574710393488
99.29089525543344
88.92184591067227
6.626263663229304
88.2096119498299
93.06850223025613
11.056805213805587
15.302980759020157
94.26426832702072
49.83854936118662
31.554478842323398
14.30305657275942
49.177668532728156
64.93888059504818
59.867767677137294
70.31766407788405
29.513760031929703
89.89300043151457
27.713653040838338
9.907159756614714
68.01464622210153
55.58174861810179
21.203043371846185
61.697787595499385
0.17386431160970606
2.0591067666069773
64.17512387180851
48.509768759169425
91.10317695782587
92.7637632302605
40.67058408990364
90.92909636591347
38.713794952414204
87.4200539520062
36.085059611019496
56.29097345631331
72.39485661995694
33.09107161252527
49.56770587745362
77.93379574568037
25.086848522096084
82.37521334870878
89.59272375604009
69.25429575265629
4.504371620201386
0.8100773506826253
63.429144323248586
40.17499142081009
14.412813948395787
72.20948415349348
94.09092103879428
90.27018116609979
83.72259206991866
68.00388283248179
55.13111874941114
97.29858920210859
17.795737422306612
90.87096698701683
32.031061784647086
60.58066481999946
96.29717916591464
61.505033095632086
63.437369387804885
31.436217018184966
98.86003118839157
17.188948477450495
90.63796302504755
72.01744576938655
86.38048603405848
57.21492420002645
29.61114749724184
24.051134525172458
23.38940106062417
70.29073836686383
65.57826103553614
64.66675123333349
36.00935654655453
10.35718382355013
59.300873884690695
97.8533924817849
70.23297838742072
89.62763923956915
22.797348831846563
3.2995521072144984
15.631454179252879
59.31000548960371
30.161695350097993
59.9404212592203
34.24393842459962
59.41524970450257
94.17600477462213
63.37250259773937
60.74964344758457
78.6963538683367
30.52947138561748
30.255559885749882
51.83374012755152
90.42289815257398
90.90057055397321
89.05278438435495
71.44243994831453
52.96833716498563
64.74603077623877
74.57516813069543
49.545529783958195
83.36562204830898
85.78589377041489
5.627712929504735
65.03292595855999
55.42137698083916
38.41333226534884
76.30023799945097
23.221688067930714
80.13330114986607
82.67025739364905
45.46794037883327
71.57175923061841
84.1605393708972
99.0589571762434
32.40435506747682
14.57760152151394
20.137535669891747
91.10622574684328
4.210903535458954
21.521887245073266
62.34539726591145
19.32323346170489
20.955731077690665
99.8074875592958
14.663114751129136
51.79079913036861
72.24110828641778
10.286811806563033
35.45994489264034
52.044278525790745
15.136152871241471
30.81490772990396
36.9390118143092
14.52179153047597
6.509951284298454
40.89592395706244
19.98874199643813
4.9779850127932175
25.135325053841207
45.57201647166599
81.54963689953262
64.82595216656705
82.71039965528814
57.746221209957405
24.310846150422126
55.251628870884275
70.80326876641236
57.12700044610697
77.09242644533776
52.02718654560513
86.73491599154117
28.72425581482867
97.43875001131003
85.06264443452842
97.09038415857634
68.49981558444954
24.38950897620903
7.669993984138401
61.67953385795341
11.51113882523649
28.91287754301086
26.3793867123601
25.56357622902289
98.43039842934967
88.08122005507538
38.29762000115786
7.045637740767329
70.32766002376526
74.6363621666262
84.01419766730857
61.053044114808095
41.26715764125765
97.93699078130668
37.857866560080254
29.71371040108157
61.69568545563959
83.30463470142156
86.39765022088876
7.482929716967912
27.394118525776335
6.809144707351078
58.7466412116461
17.01268732284056
11.394350157641187
88.43657734724498
53.29071438351563
38.37663103971259
31.357041296115572
82.40553806342412
92.12519879939268
6.351257086102679
14.930199133607925
65.60500744288375
11.724940585019661
84.55444641029094
78.75856748487658
75.24416206060612
97.09266752381171
34.922721829737725
88.87525131209361
67.05716010825289
47.778818485116346
52.968371628153356
45.87206001966129
16.97387314024208
81.10740529170121
94.36600020989228
62.50944879602375
93.65448600717706
52.16068023846289
2.856358364421707
86.75500740039924
53.76919091367972
36.26631813030693
14.092585143538628
48.27158245322748
88.81055320239956
17.368261188352452
93.55871265295187
16.15970282149487
96.64494170064276
55.10837421873862
24.962279324159063
50.222942990401975
47.969629210379885
2.319548137594374
8.063475229902773
12.626012744869897
15.115249761400683
24.982136958621894
99.37089305111614
17.12248600271088
77.48897048035542
55.30657613310041
87.74432860340893
51.887251149011284
28.384542232142817
88.45074389081174
71.93401847801219
78.67001529000149
74.06499032962712
32.21914175628689
13.532706349562606
61.6426128019185
36.743510930250814
96.72013949929027
54.59905461252098
43.09742176233512
67.52285591376186
15.951782641403689
77.00243230001878
26.017672457541018
57.69643331420162
17.23482842552333
68.95536397838593
34.79903142017504
62.9396779353386
64.59789099415988
64.81181646452097
42.48115837021415
75.94548232419962
7.603827846380796
92.14555453065898
1.3893580388257387
94.7552286450343
47.732861315822994
59.292288185553446
89.31432711437336
28.027687808296385
83.66263937222499
24.194562800458762
69.31457154099206
19.588188662634266
86.91883298595702
63.52363204386076
42.57981249631262
45.192245069383986
62.262616842373944
84.11893609270777
26.52205145720803
67.49911539894119
2.408896515925052
26.549175944807768
33.138525869680926
1.922316503885424
21.209134272736463
43.425129794505445
66.37240402409658
53.01332329859425
3.694014468729445
1.0349510712023835
92.77654689014517
16.945382717972677
73.8868284399264
5.589108721670999
7.047330468178448
7.6342323033824595
25.946522201714473
67.99407003381656
15.388604655914751
19.08798376965981
61.65846369001298
48.905548979395604
68.6375452282031
82.20501387554641
4.983085196183257
65.61923230450918
12.098995445318462
12.156298184729518
90.26105922972197
28.72581893381778
5.134135965719366
45.496333148012305
75.20848839473405
20.277497603425232
89.30094348520804
71.72581503816431
95.17307579414538
24.438612894926703
45.643815789626096
59.65575989655007
60.500957858442995
78.58509708802625
18.19525213597588
59.0784298899875
6.157334146804883
90.21915517703223
45.03877028859129
48.468567629604195
23.144932707158183
26.6836974232324
14.263178348614215
53.02801266257664
98.68178281250471
37.59421406622635
18.21806945452906
73.91287287177087
58.048467981356644
94.95786812698537
60.48452969991385
50.859932395128524
82.59886171678527
84.3979181132422
62.01237635171245
67.30492145124852
27.875030762771235
71.83802022497083
95.67796956656471
27.707125975211845
14.103911995845763
53.74982069887341
3.0412402045867037
84.25711681335781
75.69535677281006
51.226154479121654
6.522705555937014
29.025106483994602
97.58489509984382
20.15156424482508
70.30293935812286
17.343558096282585
20.823021718967226
7.222704382551348
33.94258508305956
19.90041014591778
25.384358403082018
11.935928276402096
95.40768145262587
78.28396215147937
61.56857153498311
98.77730346562208
7.64174579607827
50.33891343699184
62.05879293787431
83.97534351634788
19.38395767251646
34.14031430193389
7.208252016943472
49.944998345481295
63.24249103761932
68.020791988577
96.65195671257877
18.261270905710337
91.72457825812177
30.0271650428531
67.99859906044048
60.00347970541565
80.83699502822452
75.06648085693475
55.32474507326574
71.55189540079998
58.539734844664025
44.4112537593747
67.71574595246446
84.61725440250147
1.3481153073567564
26.796552981094347
52.46004716045074
92.04234101558549
83.81750515208908
8.351178836799145
87.11680965712121
21.915955202579806
56.85955271951296
21.228862715919973
83.85779441153763
60.29994228260267
20.400942774712938
79.57478991951642
19.83165834300208
33.95722377491425
72.5673741565071
34.79879309966982
57.44570953519978
41.440355072407165
61.058970216647765
50.863322378113864
50.80998988083386
38.978686188420355
89.60056506319845
73.68355728932828
69.60105492450322
35.18922556194798
18.882569513773674
82.58705839516722
16.063805454141832
82.26924025629239
49.27254796096086
59.367930527592215
9.278511840160263
56.61979104150902
2.485653231697349
7.090822175720901
72.30464919130438
55.25374339124357
13.721373108333035
78.99719625472751
13.176877916119189
0.9469740575428265
68.90563367357889
39.41939847615627
55.91688880113651
66.90348656709425
89.64552969556979
42.84636439204359
39.130201794550764
97.2793675110727
80.12029527201746
69.88042663496418
39.2546076220436
9.833885173410174
7.410001956333678
4.548321790882925
79.86034114002477
64.52878180281863
0.26577225634102364
93.31885708381276
82.55925561763976
15.830263156652592
71.31581294292883
29.64053173061685
15.309745765213812
73.87721151144898
43.86796985227478
40.987147944394565
2.5362465549088387
27.339803955155574
64.9356955363164
83.05319300195305
50.79574580596089
29.41480913617236
0.9384529046769341
15.102714108292703
55.243179806778095
65.20277228331919
6.288344223253739
19.286393603160125
42.409488771206824
91.250192940859
24.86532240048678
51.142133576404824
87.2287889343743
34.03471060078264
31.05136730254836
5.158917571193955
88.13582073417578
30.392005819337708
76.0270315259492
0.2917070281368894
83.30979081682109
69.21583101576385
51.00097557153547
24.570134593604532
57.72802648372037
20.057461489477845
18.43502337915147
11.032568088625139
53.03130605271931
56.549864967557006
17.361047637290405
11.08158305514253
51.8822057488449
44.608005396898974
82.4385416763808
77.91365088794647
26.50072684744462
18.545339538769134
27.272685233552817
88.84467507128875
75.97270244525436
35.78232259781872
2.7348931691405287
7.495334905741502
60.27355886553922
5.15202991724415
45.10619403849281
36.620058257250385
91.05716548017567
35.18612991961534
70.63059545632473
95.26356837339013
44.509969892724655
17.877904933238153
78.33062283290995
77.14771623169754
20.314227010129816
23.167067147762776
47.36988075509273
68.54573316380632
44.692468556998975
8.770252454199568
46.86851080590606
64.89298879377903
50.21063021648767
41.21142138424162
64.79956528787409
46.9231542639258
26.218629410425464
17.395841332797303
66.10004597700143
72.96622154020179
79.11634490527034
75.59920595119053
29.620745164344132
18.364460508257597
34.38051480938389
79.97077249620386
85.06589947731162
31.33065509093811
27.628195188110418
57.2756427792794
4.643330646409227
8.639237068303174
3.644100486838353
36.11793088509566
66.82418620683373
60.437830550745076
76.32462363885361
44.4236996834155
36.815257124760215
72.78129189704669
81.61650604055748
98.68384437917274
42.05037725685159
80.11504107022314
77.40597320172986
36.52824546628178
63.9336647862346
86.04878802659047
90.01869279036804
47.976271455432475
65.87804145546255
54.54970945988903
19.199099999919255
48.310732258204816
69.40733425494552
64.0045369405111
43.038246955526574
51.59129679674006
20.752316759496324
63.856909468119284
89.11739068244276
98.23721720774638
24.234554734186087
86.4853781969037
47.79012081508203
85.1974126217363
32.50429528092227
74.03393225023561
7.52989480455748
76.79634699301701
99.9936803947229
58.513212223125
66.8722320962033
67.27275832108508
29.74102130009486
76.81684810971312
79.6554720086714
42.85626856363821
88.36915852435575
45.77379647398112
97.57876320356216
70.20809274515504
0.11774233716439486
14.773632014541027
7.065258812968334
30.727507335401693
54.32762028079963
0.201931873408967
22.795575274435798
30.30396090788431
68.12177574397128
59.09580960549993
84.59217601711119
18.72004537435319
46.12160969665291
63.93776352330911
12.353186537004701
45.03694253650752
66.59533324383364
59.57835426901781
39.671754312950355
16.779385114226784
16.18836890303047
63.68941231708165
43.81834736872455
2.805851526573
93.66934321511471
96.81574395644307
81.68684871611917
0.41814807432993817
48.33349756738615
62.710158417717544
65.37699231521897
93.82571069138162
90.27626952506043
71.01216116147313
96.1924314783903
91.16135294205068
83.22044851189173
49.816207077290606
3.543600509541478
49.77343157695597
80.29448637516997
90.85002121239081
87.27704933432378
30.664511283555385
72.94227321607333
47.370453673305455
7.938121827183952
20.091838533016116
50.1112354146298
4.864351296033531
25.287978539588686
76.619368810055
47.07125868246269
54.80169837418263
21.606475675848714
66.36190979972466
10.967704876371787
9.259338375551241
37.31190803398551
57.472554404218734
31.081091575173193
69.39476429869838
67.82409611152164
20.052225504169986
35.50129828865764
23.817559984487314
59.99123245024423
23.948526693602666
76.02576539312578
94.20061626508044
83.20766874735163
77.73058768845155
59.68899420605276
25.710466551662225
88.86160520016426
24.44145077046642
11.630571797861833
0.6282050432340647
75.52303123704549
41.71688671720477
20.42408276387816
75.7526746717675
45.23544938573527
90.07533618274464
98.8381112201794
69.31643933031633
40.50026412922355
55.48731330895532
9.136522332633067
22.305112492565303
47.88190039068895
63.517138589516634
30.872981335271767
88.00183503309727
46.95095206365721
30.963112762467095
65.7727625410924
47.80085946168596
10.104275493952864
83.91092853465437
41.60538755821076
54.2886826717482
91.14348770417298
63.06471441878861
18.308838657803015
90.15826992676745
38.94365298669916
19.631838122593503
61.897712985501386
92.08659807175292
42.39150984584107
22.299316015890135
53.79365771083734
49.028613988483535
44.55545515301533
97.75548964508779
79.21943383356059
89.0085151118304
84.79011438438687
38.11036592468307
31.232878223899853
21.205591911321875
47.98120828655228
84.88231468962479
52.93769355909009
58.944164594633264
34.97742625020079
50.92599939164093
68.97352981684183
26.411020527694973
94.80148092864479
50.02261463190807
31.812816448369286
55.7380105471963
39.06744423298471
28.02194959652169
39.32819684570726
90.30100561954764
70.61217026805487
3.5994542773796545
63.52999046388976
67.53515786188603
26.054671282496187
55.94345370232763
68.43394827154147
36.101757418190616
88.54359690911605
4.356400811858352
87.12046800129042
71.9122536018229
75.88046710994246
23.988195722542503
93.6819089009385
17.148130570529762
4.608145083699378
1.969262363521218
58.62273149724898
6.891599347602895
50.47427134014435
76.92914693478463
28.09265179191327
10.67235193211944
89.00252384137407
56.759101657336785
10.251632325916404
70.19545978371967
83.39056518730096
54.13531350468652
19.718177286102435
8.286915753447843
21.649419921960455
44.122121373115775
73.67617221986754
99.23924946325131
91.03308800524633
42.52782713001514
4.039995531723606
18.848944711931214
51.70901903517808
81.45380173828352
63.676834260498836
83.98626169793094
33.230271847728886
74.27158061997183
18.089246563171024
5.711949153149487
58.97390900386472
4.823486080614192
6.023733274101772
33.937092543797945
27.483934667309928
38.959670248124254
46.34395040927441
82.23427856321402
30.645341890236644
66.86240203836645
25.48657833635042
98.77436325240942
1.1195623016639678
27.792580868980497
59.59095225843283
42.92985879944201
72.45234272443119
19.398803936806118
41.14037312944402
49.394522570296765
22.467338038252105
70.97317789881895
93.1278668750544
31.73734091425574
69.7276405516114
17.56853795849026
35.5295859390102
47.97420034437588
17.8765030101848
79.9138661529967
5.17393444667007
3.0161100770071503
97.01919411107293
38.235891303057535
16.426686181715112
20.949380549628817
51.426643330763056
14.171323542105629
13.768655547947295
14.249246089318168
79.24533309357183
2.6282990150994
43.093167275400525
83.44000434677142
75.51326675610457
51.90938178214052
61.4246161035641
56.4051175861492
91.22587316845507
28.904964829910153
23.509604232794455
1.71813613519064
40.533811254417614
57.42436026819222
76.30921981912313
5.173866264976967
99.87463704775502
89.27220940768734
29.963512447284792
53.5529789638495
46.95409313045508
18.378563387125645
68.23664143774822
28.586277124488436
59.362595874837886
3.251744413144775
57.41673050454901
84.72969936588696
81.25985863402086
62.04013216778578
2.251845021666943
50.31734862972118
96.55287839939697
25.810750849133267
83.68696474318543
30.595557127793573
61.30175236071123
0.5095866327764598
78.47861870442354
53.02392249408581
47.142869502668624
26.526954202999022
4.796942411763672
99.29219270875707
66.42752257194115
57.83591590802888
49.08307090807573
9.101514420506817
14.30415621066594
8.758422379685648
24.041620842263413
87.76202879926738
50.67979351265964
92.42733831563001
45.73525434294642
86.10488380198407
48.32412388953088
71.44821543278465
66.9192124418452
51.67203511122865
7.76700476178549
8.054752804608933
27.40778391073243
72.0877844307702
45.088080675274036
63.74509747165757
8.438950849363025
36.47442938769056
17.23460425462262
61.10717963244278
98.16475953827461
14.371114733736157
76.39665488036145
64.09880395056179
11.700826531081487
71.52054716196801
58.37187116306831
57.12277299901002
4.998800570699102
17.465211820679993
83.51612113154167
69.1813493570591
61.66762207822533
36.029809623709816
77.97526244349434
51.71250038351391
43.04405575710943
70.64419883610935
62.9792706799214
40.66447008620656
34.46264467733258
83.51715488674391
48.12597675807771
35.03570350830182
2.8261344364228447
71.5068322795175
18.307576550158224
73.68131137024135
43.96082902073333
4.518140575522733
90.52024499642978
52.56908551703325
73.5215328759002
64.93960323225244
2.32105057363442
90.09581490761026
26.689458779844376
88.12644826764185
92.67665343516181
50.12670857155486
72.77566956135757
59.99786593590669
56.585648373643785
11.087471502202927
51.977854779277386
4.575339255111666
32.369015106496256
65.30439764131334
91.74904981717631
93.40755641541365
5.200199848013664
39.58392423306717
39.64669525691439
62.782014785250404
7.808706962150847
99.76769321475554
42.908883088432646
37.7611070628611
29.71705933621742
49.945920192664296
58.301462325558774
19.75368829951316
18.925868816924652
25.0458171430599
27.563078205924676
15.70940230717357
47.77294487696424
76.37979909413295
12.406852316306516
7.237773370404432
95.14919846344333
62.525761583056614
23.883809357012442
13.098729372934026
11.07901875838393
74.741405445585
57.34891459984923
15.386416616816446
47.75763200403924
2.4663208580796514
96.25933894628469
80.91944421071715
32.87511189256524
72.43585853112246
38.292542316364845
12.004884460182874
55.5049206165187
52.09930892098693
41.365488972607224
46.47990648058353
80.49280999013656
49.85786815715362
78.93223537260238
67.44896739984978
53.575531147539714
88.23833713647163
71.18307970960295
77.71054383842272
16.490088258474465
80.15996202261461
81.81235763966012
16.590838251526087
35.04023458648059
80.19729628147981
72.05605784505201
95.03899976059067
68.51731687410896
76.85494490955124
61.61047116437584
11.585351573119206
10.530133564103107
25.83652287522151
55.885331972536875
52.29381399987353
5.851668690122025
95.01073292455341
88.71158497817075
93.34816385629671
24.391000986063492
51.54414282979172
98.91808181066425
63.65809624712788
5.706269233511351
13.045222306566606
12.813932510697102
75.50998971892675
97.16204146135864
16.320693533088694
28.616743339562568
57.89157689437463
60.67133009614151
19.93343721496963
75.70827697204162
54.05869103213369
59.32811264525613
36.88538879447049
8.748774755391242
28.374482301812176
10.147621088923298
43.27029638638542
37.36131185601317
66.77529100023342
49.96294152386634
81.28428938050966
17.488593193835754
67.26697087073975
89.56438843169275
31.29339479080092
65.16812671766772
70.97330163227927
98.1408329498139
31.5127343824677
19.01765358964568
67.08539988165057
83.65622792982322
18.02180154080557
64.30474132262836
59.912190740221824
65.131792797451
30.810582670769893
72.41638156556438
64.33061152860702
17.517238050050654
85.47219400252769
42.64550333111472
3.725599471443719
5.379206340061415
0.11415581951049747
49.5320262724024
56.394754133896704
78.92560372933178
49.56293881860228
0.529493245657231
44.55303956064425
29.82329567962817
60.23483429739388
63.25158867175924
92.27556471244415
5.544855721131947
16.856346533505217
96.65171158284677
9.079584641889316
67.1891126962048
90.54887049392237
37.6728317847395
84.17080583901965
92.99214246274386
66.52251808968445
63.413435040743316
59.89444292350902
74.85423420835089
2.7446041409622146
7.979141621992724
8.726594923570296
84.23093473186782
65.8434387363711
50.64908825577966
39.14279639118119
17.24951215163404
1.950827315237702
81.62428004922164
66.9241471082773
6.32568182550306
36.10991222537414
92.74945121256386
40.331760976265116
26.43526624948557
74.5807086795714
15.761877771564869
92.72444239845412
22.152927584883464
78.38923806589912
91.74913086939672
35.246411738784246
59.075611897548285
74.90023395204429
61.35221726896706
8.416389412816837
92.76789728553568
36.82797083744349
56.83128413451063
81.15186577280473
72.49302505155188
19.143168835509815
54.24210951575213
58.31993791694615
72.9849723295321
90.74575936615562
26.6758220073632
53.97371704215076
6.646790507822919
32.57875051355943
39.89686676404205
77.78821382668845
38.999237604357916
72.02564141868856
43.90990262356064
95.22858061695347
5.831957619689487
83.28369702599086
91.33341178111858
70.70402503060966
27.837487808643868
94.17140132445252
98.67526388976721
89.5146929455498
76.25647614218623
83.65544685523709
72.405510608916
63.22287231073581
43.97207494651201
47.733123481645066
30.346322665805637
24.518051121403605
72.84923129658182
70.8322925153121
96.81661472311272
31.51994312131262
72.54702971591206
17.823407915208723
98.4790282904493
18.722112468982
87.83809193018553
61.40332147004819
29.910576528294676
46.65801866767638
8.15252882896006
23.0688894157687
37.217797830056554
77.77602959614543
32.41524984893989
65.35990083961714
70.76641340232689
45.68948246987937
85.32890050725766
27.07673598856767
41.4368447240672
57.68532641125527
25.87846610273009
82.8316201088218
38.81801766701325
44.21542762565647
2.0089732357918777
70.55853929706804
45.54661157637084
87.9424726945658
65.60233129319658
13.12044187420508
40.41869508216326
48.45078988426583
85.4667121271454
80.12795377774992
40.139670309345476
32.3967073122911
33.96542966063839
14.458262582925263
68.86914021241027
22.978004713701804
33.177852542233175
68.95241527229541
20.64015168137312
46.566779881811904
15.998491670031989
85.8809533169471
93.42857461235116
71.4469028076493
5.847025953688501
34.739646999708775
67.64760714038144
38.06752973969966
30.09547920286437
77.07376700015456
21.331709930019148
95.12840865863379
9.677718284430659
90.14911117307203
11.963396017423833
76.37947858041207
33.120690128048956
15.449049518778036
99.33681823002355
48.64080156816504
93.13947033420537
22.544254064353662
2.4037856742033625
93.03102164602551
49.967547658148305
73.35104681144358
34.27040298741907
6.258204933966538
22.224148761226537
56.4483319699218
20.867074259356876
80.85604700873687
96.88030032161033
58.98372351964854
92.10730202310225
98.816678525761
71.23508335446438
41.12199793414655
59.84665867409085
85.88173765721243
1.9238303211285834
96.44919267233375
94.5967938033097
13.017267426614708
54.93138799505422
63.165556464499126
77.36619048922468
56.9251343758448
42.169764500902055
75.37206254341217
99.67834621601779
98.23508461713202
44.89818010382096
66.09849709830311
43.29912839826915
54.36146740069155
49.0793823493004
92.01998618551605
11.699894890106211
45.63071979791903
93.54203851410048
20.235172025118153
90.33936861027121
10.582878632425297
6.366183892330546
8.965515077703545
1.1590975803181247
23.83547426173954
75.42861838418146
94.00928013733133
88.26543285764147
52.5005238846222
57.24801576582962
74.91283743819041
58.57832120648009
89.64996090395591
75.31369061590281
23.641393062858928
82.9783777954039
36.525411531951036
26.819517843172168
61.084362094527144
11.251003010314541
1.4096417297004726
78.92172136735908
47.61529768723422
47.62711951087435
71.71244726199001
35.824538133720516
63.16644378320979
65.4914430011435
89.78054617462968
86.35150822930014
37.96404010248542
97.98822822409551
74.82314895995347
92.98523815996126
89.79463536023634
24.94030366878457
34.447414785273
2.531832025903502
79.48624132628073
23.09139856382283
73.03641822622204
16.836683168124456
78.06963784652429
1.3510003452385622
62.797851373741494
11.47805362708284
70.56548141653882
63.39437821036664
92.32304801287316
81.92280561403281
48.45150025121776
57.47046917438785
17.46929391400759
48.896584317858135
77.93616846058111
20.919415664972174
20.063947666955162
14.576215115418012
28.182558977283446
77.44992049381601
14.202532409857493
65.4155266073982
25.553304509110262
21.48846567785703
46.69639084138161
91.42436767406517
24.567819887945262
23.86643191633514
5.001523981222544
12.5204399443404
80.21363243090808
69.86810417400332
88.31960447237344
52.02482360807841
24.222975553507943
74.96946877736286
98.24138146301992
24.041627278904343
52.38774614058842
36.30284933892195
29.29104903693238
30.711902021558966
14.784487108693412
6.817283263891605
41.17093878053616
25.54503291842819
67.52168246267833
88.29482420798446
94.53663162168702
67.43626390159186
50.66446629590799
17.30868916143582
13.571630817115443
75.79543806148284
62.24563893541325
79.2749318460671
33.745665181585615
33.78335030595132
75.03692232009162
69.47691251003468
54.68174960748327
99.82714064686192
97.67648133805406
30.09834456733912
82.52627372684273
78.13707743010909
21.804861149859367
97.1971985493974
12.801285751299185
68.01512464579439
71.90473508434302
55.22255228229347
88.4063028276338
67.29310423137316
81.84732719385718
96.69773978463871
59.75274623312289
24.82218596408109
9.63659669473117
82.79433324178925
15.658787074922543
39.05817243922345
6.413470316783865
44.75995418337869
48.62190853378162
54.48144916267794
93.81583900884766
61.123975292952636
14.104011842695318
36.279570880170766
31.555492631892214
24.03075034196811
17.26441769432493
17.221893734497407
70.49052121445001
86.3561932225234
59.68017253007202
13.05849591107593
7.050150953701406
25.86005665907254
49.085078395188894
62.28592100422205
59.46534322626008
58.03970757481704
96.26094681467538
19.138173929999812
63.40011261717372
19.923407046707787
73.00862901610482
18.709704365937498
55.09876559152207
46.93591519475693
59.82793330684697
50.51002917622229
46.024120647361244
8.89095616340121
53.765512625474244
6.167938752833557
17.626726010196737
37.277043348725755
13.54336342579815
21.58374210501953
74.90531256650533
24.49833009993846
69.99726345609787
82.30284888059921
60.91834990430925
48.68969125421996
4.740372095950518
59.33555406326255
57.23686223557177
46.27406686858034
60.282915440687376
83.67036653350566
91.26036767866303
95.35463634621092
66.06403979489538
95.9198769826352
76.9821470259255
66.01179396441236
98.4913049619908
72.26989767307056
43.86291763240072
36.27388768348175
57.51006366628668
18.459503696143575
80.9783805619254
55.54696405072627
94.81048835466297
72.86533109709382
42.654168628115805
61.844272302161684
74.22586734009396
30.070945538478245
28.646374610677572
19.53475841050135
35.64404982375239
52.13441552861511
99.8000192348004
98.42956259265392
39.711703963076076
38.79485989359095
35.09165147467499
45.23264201394602
85.81162609750427
89.24135629464203
14.995423746179682
34.21345841196205
48.65204939122293
7.332610458363586
21.981044403206596
17.63153405134351
29.134772302075028
41.11438058405047
30.620482969306817
2.8007179248969227
99.1845947864329
92.13485030403791
11.86401707385768
1.4602747701422114
25.75346393773418
74.88974980720646
35.48263000648634
15.279475350354431
74.35923762104404
33.50254974828327
80.27176180279567
89.08543428664628
14.641736186009368
34.67185612032301
50.81020420784688
62.75925647173103
37.559792811227986
40.720854082944726
82.1875840931226
69.35019253572389
57.31170536961796
56.53766110312377
78.07820671541764
17.88704455879586
72.14383835052767
75.01792389935424
97.68048052651324
76.45925336150941
96.93749213485361
62.75131423074457
51.47707541729727
85.02398698274831
54.54961509668181
49.9055585240053
81.49296308593675
97.44223311443115
87.87725884850349
27.70119258356808
0.7559338839690288
49.679711195498
38.98205458457844
11.045951445210967
40.1744677625569
4.719082413983166
97.23446423678868
65.53443500956888
23.32141186163954
17.805503287578627
26.02460530724545
64.31839722700764
42.65476696732018
28.72518361577149
78.70138300829214
89.95637791556848
54.66129362607711
80.05552469937086
15.698218021297428
58.10549249466833
99.17436766270076
59.35173052925368
52.171293055891475
19.54933908982933
11.043819728617098
6.884934978499901
28.45416865377053
4.080847643867235
38.730055012993034
30.656021106882402
31.806497265283785
47.297366484040445
27.3379793331493
77.91588179467074
2.2462085320648195
43.63932363839063
57.024800954543196
16.162110080336035
26.561729710188743
60.823716668120134
42.275299907203575
49.68375338188509
90.73630884264874
76.4875394883193
94.58101933097606
31.737165595035922
68.540958123087
45.93317861461556
86.87236339226436
31.94137286473966
11.302038449641827
12.748480270513818
97.14421189879705
71.94628457160346
25.409446050121865
57.29707017242416
22.70301568822091
9.564424589657428
26.816739779384434
73.84942157052899
75.71768249894576
12.163781475670898
47.28565753316871
97.83415908946345
31.77756818441605
78.74164229905776
72.4750696977297
12.897725543351434
40.66135000857988
72.95667902967625
71.34316489133354
68.37064532044373
40.456258312509185
11.911079089279886
23.27687167611481
35.38177920512119
71.14660019638231
56.67064488060064
65.97613806140313
6.790379079882857
35.193714752697446
3.4295144197347804
12.162044973998231
83.66151662210936
12.415278305131071
45.947003211675565
24.28603832991807
86.19544691081109
67.97451169923396
69.19120400118577
96.8168444595201
44.3281015739314
89.364261804824
92.34467151001947
96.08680449526241
78.37477254107651
28.86800272081689
1.9307517019721554
1.9558782000181019
0.419166345509292
7.949354252512797
79.50936864489128
20.61314590937856
1.5305586211616262
29.59881682118223
59.39847154549387
12.096285141487606
59.58731265871728
58.68202440014992
95.53009833001049
20.35469714816075
80.89141672100996
98.20938337407587
89.34046881069658
25.051180286261467
81.90225877916014
88.16096085573008
48.60907969388827
16.461669235964116
28.144111001794926
99.42958073313987
26.434987286383127
93.64169880475846
21.081658390761106
87.54943009335653
96.1162177842232
92.66459824439848
23.289201615075694
88.50564528786988
66.76192379162177
62.70645360201915
32.94702056448406
59.114886628493934
28.24742161274616
10.98436691513447
78.27090228700419
11.864817981830955
16.801380645430932
29.212727344635002
19.682100243950952
91.80532452641752
87.58877306459841
70.81630495555906
96.7139073332481
33.1858023167108
85.84201746139195
95.4331863266204
83.62333216033007
52.45526929388035
38.94968463277294
66.31196027020026
70.2077471254696
59.592110562213264
33.753185357039214
14.06748227025959
66.29010524087798
71.77291056822978
59.79429863201629
92.7460244352225
52.006719955823314
26.849844592654303
89.14465795006426
45.9969867622249
11.901942814786437
38.11840672979159
60.33039089891725
85.21765171617517
61.505172694047
38.61786708685015
48.3689556578641
50.1306050197592
38.73045432655873
43.1265430952149
40.501888451489755
88.61705035202564
90.5725786561377
27.66061103659997
94.63100032930097
68.65813711693862
2.3064155751022275
58.31707618135245
95.07536562273215
0.404880067689084
67.8053467054658
19.310196841006842
21.404003694401453
77.11843044207889
44.39846468559453
19.13410600616432
26.055845211671137
87.46132036965732
60.012149365187625
93.25341815116323
82.33940357023397
81.49171972901688
46.533986017530026
65.4597775147889
91.8228783585224
0.009574069892570591
80.58914834463238
51.51443704182399
55.646997611886015
45.85591497207345
74.8648022768942
45.21981193118773
11.875797805079536
29.685194344971855
9.277961427799541
57.69967784775585
91.05716563990323
58.24010534990557
62.742304376745885
73.46328005546339
20.600326365687614
94.17706772591126
60.27213848968659
35.59206976446452
82.40158114005706
49.93132876879811
29.689882900984767
76.64866859287974
22.08205496452417
92.90986783512076
90.51675537569189
67.95283337233975
81.1742656765854
81.62900528105293
4.549873811537941
15.776185336745552
41.2900954377336
12.657671150373295
32.93103475587197
64.46011268309886
88.99777248886704
15.354962624518386
43.910599165207756
2.0468223433127375
73.50780011873404
85.46685175260966
31.27864967411037
53.096033106639716
21.180883495680824
38.109093304210326
85.85619328315828
92.05466228220085
83.50517114372582
55.51592376582584
30.01645891681467
87.3801392288393
52.77093292481497
54.094553013149536
60.449291760131786
90.78841433648678
28.534428989359593
8.935330467120671
52.4175440333926
9.29992230495509
49.46969163112942
77.42076922645107
5.504268081208186
35.44345659659862
98.03019593670648
29.02558704451369
54.97342210995959
6.316504687770053
44.67817763703593
20.050253888229687
50.55800072998737
70.50977200010436
99.48859539082945
44.79953669157851
73.10920909111448
94.75395523801146
26.625276376834496
2.8796621899869645
22.440041650325217
53.32829127008776
2.012163215437779
17.283438781826778
20.173027559287537
87.19823668020271
7.865494356374835
13.823314746625337
59.280604191505105
50.082356702704026
26.316089151882004
24.330367422602308
89.1769545654169
95.80895088500402
15.39280224809023
34.43704350166223
7.777475569285985
32.85880684562068
35.93527711123834
79.13903910081544
86.42210532665496
89.89307218192421
37.38890319602355
24.129702734935687
15.244997743511334
23.05121359472896
23.65318169047368
0.6859869718004896
86.18326046339129
42.12263140948864
61.80472213172534
53.82257526100348
23.368299727142595
55.15516190512499
50.990183626211774
86.69794134961657
1.2558602983075873
95.37018703921825
47.69625904002294
65.47661802835954
2.4391116932788948
4.793130598222706
12.098848878866908
17.883489217290904
94.86084905238596
16.61681932015161
97.08746280985551
61.1549685983998
72.5494287465443
52.9977823798243
10.466539936222375
85.34419683700975
34.89435776326917
46.23067138649173
33.772983841720084
97.6117866926724
94.99362328324855
87.22253166255837
40.75619013594019
45.48056294717815
97.77286365529777
51.986838994913185
57.312352031930956
14.10612259470897
39.48980017884991
98.14132163154183
58.773616690527
11.202981422705506
23.483859772891
17.96862070062716
84.71818897803026
14.297417926002588
60.964296623797374
99.04594328216251
20.143274647376053
22.4310809479759
59.8257880490198
88.96983008861478
69.7344494251345
7.513970661649583
35.66641117707935
64.86443520308434
90.56479852697265
83.74185822115375
35.091676203272506
37.30666944318688
74.64790765845753
47.70944883265024
38.7569238853225
89.59068671980552
78.55090991677747
29.953287766624282
51.77547738829762
57.53593600265109
78.31663815131697
77.03994046222769
52.181558866457515
76.20901451209289
95.69119717135341
5.5350125150917755
65.32579835780582
32.864336848908756
20.094132239423768
49.66335691812521
82.00666921363887
39.94302097554209
19.23517702401355
63.826924479507575
31.4171125136836
14.035860455568528
44.022642554285405
80.9536169312235
69.33058720819915
24.32311854697975
17.32922468047842
76.48723009311294
71.43934582275327
49.23943934621777
63.44447564772342
25.198844860555447
12.520839006840001
42.69573415808902
22.59335260109694
19.34612545988379
14.571719364589752
96.18280362608347
70.5140304402413
29.475623538653718
60.940363895491664
40.56512081477057
84.01122303726589
62.520959125340156
50.45162461061088
81.88034645946028
1.982191861766236
62.0760683547737
6.3058724433160185
32.83126173803886
25.475571444210175
42.76311123836359
98.57469900140242
4.961256290923921
72.73257568797445
66.85703533786129
58.72165611205092
50.16341250332618
26.329338017759696
66.46395231183237
31.764661461102495
31.779282902801185
90.92053081442148
11.405770602055298
3.790388458349847
98.0808026210845
8.293565654008518
83.22273087139342
44.14624541251686
12.188126921741171
81.28346012712254
45.016540728068236
59.04337305823294
97.12353190617793
44.18750451502662
63.97784987202314
13.040144260080645
20.274744943457623
7.81757466554992
43.17738869929353
42.106527894104694
79.63493610418458
28.978920803819086
20.37949181721975
61.92479629909779
42.84241707104527
74.74059516732075
50.28768020289915
85.69645374872275
67.15717323586023
52.61118380300981
27.44039418107792
64.2156968075301
90.1731700786875
53.276495011796484
38.659588210751984
25.11319422524685
43.1570206560797
32.21400802578572
46.82703819913593
89.10448565784213
76.5995010255083
99.96319117392504
67.00123118924766
98.47526886157142
26.22567588702064
74.34660794320015
15.856461440773284
38.72376154442482
3.1540162184825804
81.03284192013625
81.64793250876895
52.72055192010835
39.51129883282376
58.18022449162178
67.11928398453892
65.80050728435322
16.03956449912215
47.643568392216984
73.17848223877994
2.3190832810471407
46.24799839771405
64.18818979800474
6.174546083265442
10.882920186942401
65.30076458285336
93.16147637632575
37.58599218901196
52.1171306849291
60.17610712250403
5.661179827292706
30.69950122455143
95.78402320506378
70.08828091813731
12.215492377272453
40.4639663700875
19.13685107559563
79.90337484365105
82.62710621136735
94.40998406097914
12.154387595625437
83.5201894737902
8.691639101460513
42.889794304020825
61.31168706569792
65.53058953739752
50.09470511091404
45.531764049455795
66.91584976842746
86.82151621278939
18.6844462482048
2.0499607908206596
67.14126940364419
92.1923430051488
26.285203129698775
94.12320359623723
47.76797410828354
34.216265892266115
23.135140373796215
73.76640945156998
41.52363867910569
72.06599920255906
64.2042929558034
14.127164353606014
91.48153761894771
70.69936134065792
81.16968505767647
79.44008596657498
93.37256638787062
2.8079833948382538
19.043114771234315
46.14834992740264
21.701545447470384
43.33280399269278
64.75981424092835
23.97738891906338
90.45165772661998
43.703300773724685
5.540281116812274
57.65466086404564
44.53803083881825
95.75010488269331
59.940860603660376
40.38229261116568
85.99860706038336
63.596270556205916
85.19979105632461
18.87270294399509
67.30138714629665
78.10123199075434
38.54816975152791
99.77652957491907
99.04167175036984
56.326728726465326
87.18888059259439
3.0193273763097994
88.64562670322675
67.71633281930622
5.004581438485878
67.48767139319862
28.379443395818193
39.36018980913383
34.73967433599468
96.38299142592184
68.87255790946261
78.98952910941578
85.83161706412483
38.40493462259633
31.237087027287924
0.5377789747536998
2.475786897777843
54.39615389714877
46.43942288007706
70.60197273833036
63.68052647990373
55.76382185769353
69.41617512767621
27.31941807207695
46.370589288531015
52.49065542223925
42.81904985399457
0.33718155236572844
3.3269269066121487
90.01559677783078
66.21390973215624
82.00394676730195
9.821923657486165
2.997231388538313
49.36663147692693
48.63590697274384
78.6450921099736
67.919228764171
36.2065529178405
47.27051540278205
48.28708857726514
10.401484636524449
37.594671931678704
76.3734614254428
8.301410180974521
7.14297282552836
32.47298292281052
32.724214516437044
50.81927360721451
68.76770642280411
2.7833420405674936
55.05534897110429
73.73365057248547
38.01069694107249
68.70581510294669
50.18504816296353
38.16163082068693
87.08775112650265
7.991699901585325
92.3719220302734
62.65760010222482
49.04336727099107
39.98088186184642
12.162334295702038
0.7588853762207748
77.5959639528953
84.62599648385955
49.72121810029421
21.129923952481843
81.23095211240062
91.24824087180221
86.56843302434916
76.15620342205732
86.16223650727731
12.500612533903189
90.34397830622603
31.317281297371245
98.68256335568259
86.25950996587687
88.66614517498331
60.95964839518625
54.25535067489143
26.51582917310923
88.51064987517549
3.907047587311452
53.50149662241884
7.807940700099247
84.29362078173386
82.69428606740486
6.366035857772168
25.001649671973112
82.5207937759968
75.87276570179395
23.64890083494092
82.37762282903344
79.17151633322665
59.80140051062733
68.47015388784885
47.541177899358274
0.6628434622975132
8.652838543963416
1.3069033866606405
56.44587275361829
69.94394022157486
84.58996385341571
31.039136658769063
73.36860688201622
5.269702136679677
42.48889602322661
53.70815976276363
30.77157649789839
42.080090065002764
89.31520646938573
67.76305574237807
15.30727515331166
8.638312809896131
51.63000169434927
96.45332598584228
38.08767647318009
26.250756955755648
78.19225223980536
41.23097824313851
38.30410586917633
19.098201972486308
52.91369926294387
25.910869750680455
77.52341504903197
39.499751770165695
29.149075626161114
57.45909794887803
6.889848203177507
50.829523973315226
72.91135473476088
34.05736369058332
12.5067554369648
19.598334951467045
63.43723092417039
84.63223198519103
84.36878419067875
47.74801645405914
51.364856674954254
26.53182807688872
77.33586168517608
70.38389314359748
40.94046203874645
76.00545967128551
6.136978725175679
45.94377899910926
3.2590552036146803
79.24121139574338
94.21667898016037
30.47575336836098
84.67272151371166
91.14565289034009
77.37321525975078
69.35746207787969
6.664650154650387
17.244371864934994
28.622107690528797
90.11428502990472
22.792222004190986
72.70135330585174
94.28313333330541
10.180824459041782
54.781230817543516
35.12968472788147
27.84701420499247
99.04736951116821
51.08274795259068
31.76780268460365
83.24897758867374
53.36878949555337
3.825719045765996
65.66324564781385
72.00033225146265
90.7771993201337
51.61746134497547
34.8620916641115
59.208430537057055
83.00908842231671
51.18279282414437
75.87266952158548
3.0311400604121186
94.08975203648411
26.875535083568103
57.56695561209866
59.755533835620035
61.70688339118235
22.891614180731025
34.04636783639201
2.7044320354444262
48.25278876801402
23.696625269414497
33.86197207826112
3.9131882020217224
87.7180405491889
21.823751989565366
83.89473020035591
46.67217250423862
37.867660319673305
9.406756533219184
75.82530192561602
39.97737586292741
49.76153315556233
24.949636706932033
5.580016822916834
45.461252062008384
51.21942646194956
92.62030240282841
12.545167602934503
40.41102909200536
52.18400536171154
53.95447536778474
57.091971897607394
63.460566770530605
9.36002683036936
73.7335327764411
97.88947627383128
2.1985666594785513
7.12925431607011
79.53535895701457
10.480748307013432
35.92572647573192
99.49561110967586
83.36500091001466
55.56819973794332
0.8287902338170339
47.48389631043386
89.23059341135338
48.14368267972197
91.08010449297545
82.021662444919
22.226016650502835
96.38357989406417
57.411600134800956
6.2560515321569365
18.57315601154039
34.994784290820505
44.07217449662755
37.37399551921787
8.061986650438035
5.581208973607166
49.89632498647091
45.57000295372019
82.08419605163246
44.26229383066913
24.285713090784313
24.667595169251477
95.20750949587541
13.83103742536953
8.315339347373163
97.30618036402208
9.327285892718374
78.96215530643876
25.84092884290763
40.37921932888825
78.5811527338485
9.05984901993313
39.575728289883685
55.882480594822646
36.163863554674094
37.0378389675714
18.24639391628636
18.481266051900846
34.23600872616971
49.832861121174155
65.50788667819154
82.73258877782227
89.94730397473626
1.9699826504280926
19.91913685867245
17.7544236918219
73.48148178178361
31.800322444925634
81.19981591802129
45.477459458419304
61.64719557758526
31.76824930180868
79.5108567057792
82.76694553106955
55.77911271309313
30.772120785655986
83.72520852851576
48.63616829256304
12.257934080853062
22.669783129305888
97.10214718499864
91.65451805796579
99.16263224846256
65.8027305633249
91.0960216331435
17.108952012465462
73.2273950540667
28.276046831196332
83.50444890805313
4.68082405314465
60.081974015713335
9.95480026179736
44.47805480961714
56.70437432565322
66.50939690758608
4.075903439177697
8.615852256773815
6.078042885507651
92.15155852411918
5.010775267677614
9.43569522688138
59.80426148142547
91.84345548943874
39.01413293993421
59.15483803617416
71.04200921233239
87.94296033211617
60.66743897361565
2.8027396236816826
7.3193501062905675
30.985643472994408
21.750269361979512
85.61180379547051
51.252649784522454
79.95499472423836
24.48819501021523
85.5978869911106
86.77401718404124
38.797282681164155
44.788079496473365
2.6846057607573415
9.536729577946645
10.224002093759943
17.9515597772273
35.58413827772859
76.81871977376557
12.783226165320272
54.192661016210366
28.818929944979388
1.9701390009710162
71.67032374212474
25.74430024252984
74.95700087083468
49.79994230646692
55.64565361968775
27.92901174520035
92.69341560218646
5.317233604815986
48.94026331965634
23.212839322762115
51.29930840244147
64.3038080307643
29.13580032750257
55.157218667260175
29.833742175125355
55.87686379701767
40.100088708474466
48.862572532357284
46.78385692557603
14.583990244521239
36.773575056928884
97.00078389536174
67.25765456314691
49.433720058541454
15.749617305575258
60.333237351757354
77.14212724073955
45.96491683846047
41.736698559438636
33.93923228195478
81.6753178789599
22.5349475450769
40.90427882149773
80.62530380394958
58.47641243174765
80.28761082687474
50.02514484566939
40.46534988549598
44.99772807398966
95.67346060471468
38.09872555132073
23.062745156439178
67.36429428744195
80.11753271786448
38.66529341805959
32.11514556323032
79.82067052622763
44.35230774960015
92.42920750496862
47.82954180250406
48.82287464888603
74.90989834092633
50.98747705328505
90.06158317784099
90.58740180915123
24.92798133394819
20.242490337999808
52.398212068243666
22.883508233792337
89.41315021939738
23.719289043880053
43.73875577990988
65.60025244337787
8.697178851134069
21.411465861124313
70.50318980103278
73.31044996157783
31.59353133099937
10.46837832157188
80.15345480222861
90.93312553297687
66.38302636441486
57.85789958439283
65.02547201637331
89.26056817031133
0.9834341067788466
52.315412100823636
35.57308578276513
43.93033340800745
23.305060491386264
89.97971567052072
65.33711229693165
39.61396002562314
35.14909957523095
82.54304454762638
79.01035196761819
0.6209710527602774
35.723947480623785
53.70113321094024
83.23645707963318
53.575624445293755
62.35919205876693
6.313872086826732
42.75738244150729
15.911320403351482
53.74153151188682
75.42427928542047
11.65820572522086
16.31420919412352
28.081771020956015
76.39516112082616
26.304243494128276
53.24060916212143
5.725774594538469
61.56703924631034
0.4066738133678416
56.48379784454144
1.962043149052628
92.15402522136235
59.55930949907005
57.407024298374175
98.01478260132296
68.03270434886166
47.75198810487108
12.838291849452855
9.209933318257214
50.825555577602586
89.46004238696122
15.045729735605551
92.98419316762195
66.04947714820374
70.8581461450288
40.86900018907053
32.2374879713783
24.329103577852717
91.92992034306826
93.47202384909903
55.165177266282306
51.70661639975507
71.96221017220826
45.90793943313908
41.083579990271744
8.137014471565662
1.4685599660519078
86.43652171868422
57.43487718711312
21.476930863135525
58.19426794629501
55.588625637494474
69.95761611011326
51.857363714653715
86.66195217178549
49.252642611254714
67.50851312613419
65.76865726567614
65.8760364946317
95.33977195496662
15.240606742213469
23.28549044973699
71.17281601092449
51.20001242017186
66.62669891174768
2.1258616329640656
17.671777511320286
94.90915840415988
2.680676045506114
46.59628339037087
56.17089685630295
99.08012478710536
63.24785706252327
73.13436881405688
79.72671352266408
97.97451825523368
38.39160859494042
34.48010407068113
23.516606134459927
2.725841623401082
22.420203914429514
2.652849096279597
58.46268749896011
71.66856845951267
44.02939316733316
6.233574291057675
27.83723755823122
15.606482661525856
18.228837269726405
39.858866241897154
63.2531411483405
59.69334275833832
89.38877422924317
2.6603378373053155
32.833506144965476
56.30938789881257
58.307765213911466
11.690411694743618
87.96522759752375
86.67125627900224
64.24837235599868
58.38998884523878
62.681975723027485
81.29511806740494
79.41190159350994
42.96012180297695
19.754869745954895
69.07788521437558
78.6602939410438
62.87204668097522
71.25070763178621
2.166320830501023
92.30643820829411
78.10675494583825
17.39506820873229
81.6166733173083
98.85362919231156
11.058535736682728
52.75282434913109
84.61258259118235
15.669955882769205
50.17239842858427
66.6420002120453
65.39310152630787
15.053287943066419
94.67299094789617
38.01723914470411
10.351231720514564
14.705998640665573
91.20229423382872
59.68990092928665
9.704665622450637
33.898798605317296
85.12627893934311
73.12588204107772
36.74753122747795
55.768814287869795
17.11775059439258
86.07440287065094
42.43616311449681
71.4843032228202
40.51284916366844
19.106785403646988
31.644255648445384
78.20606001925316
56.27264880510038
3.1291075916560995
71.8356421124286
51.116744812177885
77.95025566239221
41.95554602987433
52.11367101373972
25.296012670358834
77.2742239721163
85.25599679419436
59.87197737574188
55.28798450510768
83.02146011913351
23.113856045203374
47.00511289498833
86.82037862392993
37.15967700917355
78.74946266629262
2.5749807710906625
88.52101514894686
80.43111279371199
72.34178894432243
18.606631933213478
14.391954081928205
88.6125515439163
58.368580044818295
27.572574921120065
8.218469273751394
59.73927655527711
53.546458866266946
88.65522063419186
95.66595283299708
16.188372687402676
28.088327266146862
14.352125714428931
46.13512286710703
13.679513887794247
24.62842207339423
59.63223557299311
36.832132669754984
5.576060624729862
1.988158731747991
3.1838748514947723
42.369428658744624
77.43204855015102
14.475648859471901
99.44948524160077
86.02267918975605
75.52385985218085
43.844383939172424
80.40793906249444
87.61521387945118
86.72159514442694
61.83797627588028
29.184710970374095
22.30285594996253
37.948360138963565
62.640968346960065
52.72689168261567
59.97724313852512
48.46783309695747
23.265816923999328
89.15494374801858
73.2102118147152
48.830471494968364
42.82016385573241
98.87615960347571
79.25749724624448
6.514967245754011
84.41070293185525
58.50591330765812
10.004041740679437
76.22386528567883
51.139652399340804
55.5643697802131
2.5079446310232956
55.45547113263706
58.9186664298188
22.833010286262468
88.47000706292188
21.139176293613872
3.748056419013246
53.65653548507539
2.541351180010243
64.47216785536668
5.5154681569430375
85.9965572883932
71.55466802754682
38.39299971497469
67.72759591804581
13.426165829526527
75.42832366195898
19.226333769647365
64.59164012516382
73.73979708979746
30.11040542621043
41.70274596579231
88.48765657906044
94.4199321295439
77.79054708822005
72.55401354744394
83.91990345456489
12.100629446210952
38.07529380938537
96.48008745717553
88.07073420997959
87.53000675196108
44.14186821318855
46.48412508826606
39.227136929562676
85.6455648293689
41.28847141914257
89.7166392482936
93.68461297861916
80.01576149075463
62.11504559473904
57.456292957553366
98.11957267238135
57.22677207792839
98.78801111665663
3.847650286568838
83.81424872355157
2.3721819745708084
58.552295808553886
59.809135066033406
86.62927062663617
30.81836342330766
5.782374572907822
11.765570699560124
35.136673825541244
20.630285162546947
50.72424632731393
3.157728311192254
46.138607375787124
68.69873574782373
87.84905898053054
33.06551522337911
9.451894447975418
25.81611154224027
30.983206450470913
98.68577833434067
4.99637832867913
31.190743660860242
71.53393575383407
36.530300619604894
88.08020019002628
91.05891981212902
66.27231511476714
0.8778768664438164
51.636610880531265
97.32408737148013
79.87133621411252
76.46675303913057
49.25872704843503
25.399645953330506
34.56128679728088
68.68128552384766
71.20757624420477
12.47077014240421
63.47300145500032
47.05035111659252
78.55974297151293
35.84348232335992
61.10502342905555
24.60135077568658
88.31281175989552
27.75784506289388
21.56615329877224
20.0049041856443
29.575674010019082
54.066469043254905
89.46725271494628
12.474559427160836
82.31111258382992
81.47618016950494
39.81080182606195
49.27841028257629
1.3011541293471707
21.65852186852346
74.12297705058147
55.96332410026501
47.14317460255766
78.36795783247833
57.55108605925433
9.522111321251781
30.184369407261613
60.80071444089869
81.39591831087519
26.64140948370234
96.15630929154928
19.368113017390343
52.41519979559591
24.98031537522869
91.06237402879367
35.7690786179981
3.715847286039975
11.20587196056313
92.6390577233415
57.656878508973584
42.325900812748415
2.740167158851947
62.203678300148454
71.32373025156534
43.119023191009106
45.60789274285831
58.03285343431246
44.34699387267299
84.07851454038253
62.604208645914504
0.0020187617652656087
69.80671548618731
4.031502046528546
60.922699817323014
85.689640499065
62.41765720077914
95.81959323104323
36.736756270981545
11.86875633719322
29.10815050288924
68.00520396018497
54.918059620626124
64.13602459224713
17.75388751941367
68.6227715967325
25.97788100231956
75.36295872522129
53.09025772513718
23.272950918810597
92.50811576301557
34.44520816937783
4.7275836086998035
2.2012070990171773
14.346565560075518
99.80291359190183
38.23828661709705
58.37652262789498
29.935960029987964
69.08898253312297
91.19244726028674
76.70933898575626
34.59198089126559
83.69433692821441
51.35656976759003
79.97175275873508
13.489367946154251
89.87832237709185
73.95796135215211
82.33664722616383
66.79623247879498
66.94390807604977
8.704040264808555
67.65792935695835
52.312351920483444
9.667024009359505
53.72394909054851
95.79625508563959
30.796416810990856
41.594716446176896
46.38664588795829
32.01688567325761
83.27052589687067
37.054099826166144
62.671578076699305
24.622556478959712
88.7384730304003
39.16823041853649
21.38291281109649
25.487477291888016
9.213821076568108
91.30597952779091
9.344048259733617
62.28117547611032
52.56974738727684
41.63307593303537
65.54382054020904
88.07758211777438
79.79435278704565
87.94780459733119
33.97398133728231
7.7434425307496895
23.06230701857366
64.95553597837623
3.9576396466208363
80.63458161709526
67.37310103456456
12.510960161082885
83.6782436154549
88.51604060747569
7.376537544040662
21.85094184487989
77.34182764780488
58.79892734232448
27.123799533077154
88.99179955482406
32.65040195065263
54.962132869317735
68.29156697283652
47.949633877949324
44.808614850219875
47.02045472347572
70.50252495979608
22.755352482825796
69.906485735012
21.469088287966333
58.40330279648269
16.335658837124754
19.24575454794979
17.062688854237496
65.86123147769717
20.32765393085597
54.26325075033866
73.13927153526114
95.55687697266279
31.890214850833576
32.53616963749897
82.97054775426507
24.045285289975272
73.2856306542107
30.25089552660991
44.61865952966983
22.24599256229548
97.361400300663
59.33513862499653
23.86807545815278
21.793290519207666
72.44736109436836
26.199786124760305
75.90605839522361
42.19271841316726
84.74645852068635
73.90243392133489
45.39723584343955
28.18694492518444
70.63513604240029
24.691461789838655
5.471509729673352
34.342199325033775
29.991985296744417
36.235822309237896
33.81052357143335
2.4780144443938834
38.55651854150756
91.24574987749622
44.70013585715732
60.48156114589195
14.298202387293069
80.73859431635434
85.85492044279722
21.327303989342028
13.604707700820729
67.23631628786434
68.00127743647474
62.460899557418884
13.873086628427721
54.60407079086556
31.58884312560556
6.411581466026062
96.14011512337092
5.6157401903088715
22.178466782485952
51.25150260364577
17.999611239515612
39.80735498926145
48.842134865875096
47.907240408110475
93.328552261538
3.0677161345778026
25.552030231352596
50.72069319693245
62.47973215768382
3.6058818017233873
20.1027301565764
73.57134875360343
59.10371551156604
41.804088344553605
4.444909085478477
50.065116805990016
26.255322800947333
34.518117619588985
24.57335997827673
65.789800300438
15.579856648802936
75.16456351306662
42.61950958169416
2.081046464152958
39.82022701553883
78.9169579000186
23.553914212779414
26.434680347712835
24.81615406546256
82.3560548287029
86.88768335484632
34.06705650889713
75.09407409839751
46.55220579961525
81.06293529669087
8.55678318167249
32.977060313720195
34.05507181708077
52.16283771778678
96.4367387870523
50.125993233462694
38.89265676695448
17.583860700780964
12.834933586377739
50.03533566512196
2.572640330548448
95.67211068117085
79.34076476994024
78.05629545222934
83.60290695201915
77.46616639850355
65.70596667581034
33.81276532675258
29.041498635259387
97.89503533400983
12.344222131236904
62.932250138466905
73.19640654700196
38.80985284886741
73.91502343573242
88.33406745467168
80.36597436571861
99.35729420266391
54.22251512814121
33.14688727363889
73.53376731229542
28.749941673898782
21.882903286456557
20.670624995283372
89.35987349114933
70.0587177534661
97.98913902519676
89.68695121789976
12.458235236218995
77.77350927690186
51.87839210640719
77.13710469128043
78.24440762160418
50.533737186980524
54.26481008109685
54.23499111738709
49.95805942066032
90.98618497016385
50.74846531480121
34.341898214751254
90.56678395890026
45.14270312850414
63.47239243889319
6.485920889269103
36.76227994462899
10.32596287296319
4.161147868578685
89.47876539336822
12.605338328282368
60.27692865046683
38.193015041942665
36.242257220527705
23.18703985950179
59.582436367259774
10.529264455154053
12.026827283398411
42.467722258387155
76.1216505039835
79.78268392659608
75.23512488487273
99.59960158027279
82.81068274334059
50.19858313755703
9.93671744806539
74.80889033574304
34.768938935286556
26.818562880420693
87.18075551646449
72.89494633134939
7.324863342789067
15.773611507143526
66.25379376773812
77.29802283638983
82.38985343441631
56.59474311275366
56.33017869791747
43.57688379660976
35.9780987841599
21.038057837748802
53.7043621694969
53.14317213985341
77.34486624018253
30.07445437627837
14.84701308387455
82.98413577768815
51.52769369225282
73.21866457966316
8.525335965825697
30.34311019229966
32.759436703153646
16.63260001931228
9.057458616502656
62.1379550623823
18.060629544475116
78.35293295770248
81.09857372247224
78.03289945602285
28.55737020463134
50.52729828192359
78.505520216375
7.212638439082941
63.26127059016302
17.694100840310856
89.91050781637905
47.973822344028804
81.66655710819462
60.454906908406834
18.866486342266985
51.31384150784751
40.936681612846435
74.63380447886611
54.43586558668693
93.75983527763665
20.269071642364345
99.55890995282805
91.58589306920354
94.13807650975828
93.64314215244127
39.15989617142741
73.06317510071878
70.70933949358073
79.57470202735676
31.379603499124553
69.75526562352215
82.87435858219101
50.312340833621896
82.34239908933202
31.66683548191813
50.00434579156462
91.94920922371574
29.94126463124882
10.718385142012943
42.93580874055236
43.518906624495244
22.419695533377592
4.621416822823532
69.32808519150333
9.487534743206139
63.711019394220244
64.79325333347555
58.63731297747478
0.5747265317757155
78.3010464456209
72.9112681144406
6.108307078995012
65.45720173253304
85.83749500623826
46.650578011299395
6.50745302450102
37.11281665683253
78.76107607996025
85.297260462238
54.82817991430525
14.882143398120496
60.461776926266545
97.47675979046454
88.05874896126973
96.64648064341088
50.97460609373249
69.53972981696896
24.466728724362095
32.42543804057851
35.049545378561916
79.03699150846164
94.76925418714576
42.86234618985005
32.84008015077322
34.80086964140664
91.66999636678915
74.33605319806985
92.26631762087541
25.15588622100504
54.786526652787494
67.29083659809008
64.54567658145574
81.22047879413682
25.86975630292312
85.85897889482406
87.04851257824919
57.78168843403083
10.501878511986396
66.59710574615652
78.39348100899986
68.44897070818075
40.49682793684733
60.657537265143155
35.248890466311735
19.039899527771553
45.747245596076255
64.58527621284766
82.57624644820929
10.541234717786718
97.84651278360832
25.707240325955127
41.02239445169958
91.63409044315554
48.61986800093536
45.87660332320224
75.21545083179647
51.57179483769914
21.25363654711109
0.7487034241714041
75.12106507173768
54.6829689840335
51.92505457038371
82.26161013659231
60.64036487481922
88.26623075555884
8.581433256505422
47.42270340513679
51.39854555212362
58.22214305571083
77.59219205650466
18.440631200255154
83.66432949343977
17.799632159106913
23.702430439389786
61.698168012506116
94.88909881879171
9.320601039238142
19.3965072787587
77.39641049364522
77.51194877161802
83.29399997070405
2.857822807269239
32.01693926808692
1.8831186604055472
81.20651394762433
69.24058479228209
28.899798504067064
5.220705515530599
92.68196884211119
93.28587626934028
84.4486041371591
9.901944972186627
16.872865519223367
61.9318868183245
72.24541555894132
73.75857378281053
41.53561432955289
61.987537201230026
1.456527134087715
15.808788677240448
24.10916299912469
69.29291882768494
43.22714624278525
13.11363998342191
81.58466141884978
6.173608232244843
88.44070583400469
86.79984900188238
29.10649135091742
60.19730977914837
25.82133932337434
80.60938375584948
30.671403426981836
37.54808241284772
66.8743364694313
51.65889099192399
65.42890847940944
7.668545116300418
29.648033371100723
18.845716404131206
86.55661429108646
4.1742523398325515
69.30009499255367
94.12392359988596
60.03315754597837
29.440842321521576
53.62771224469448
31.53092127162789
19.308147844862756
91.1442779392913
51.478762780622574
79.09554968288053
94.3022221603714
39.25296510535781
5.00040959395357
95.91231554191023
58.18865220595016
38.738049871460255
77.72851247903574
63.62368356016793
46.56929681117633
89.87736789790645
96.16634519289741
65.68299118831912
0.8948739152307983
50.51513535041997
6.838675695612806
27.05554457592074
16.181281512396183
78.7802415216219
33.80676022731133
29.35656703418996
78.13654087181293
39.99004079033321
88.1926586484371
89.16179023565476
14.670128010047478
72.05935099883085
39.54753367336509
72.4623132569354
90.16688425519543
15.27690860621167
69.87647877822496
64.63129435162696
0.705914263718066
28.171502380291848
22.727325612045767
33.970378693277596
26.42942807557178
14.307935244627556
96.45999576240288
72.85123333237847
99.7918165388441
68.27034202343224
27.17809072808316
49.84637693976598
46.15140310020448
38.851437670806256
64.3836385725569
55.04396125847766
28.34391940024338
42.691621682438374
5.646907742955742
5.089854023860196
24.828172468063634
52.50948568812763
37.56128481443158
86.47782863529854
46.506649915006385
6.428907087774771
89.10760497315388
23.359159727830047
7.984737264212017
54.284833142589385
98.04143697013487
72.45514596018266
87.60233108681177
87.85217116545037
46.555932634760175
20.040296227897535
41.37861993215319
3.5978378251210863
9.966998335241172
6.785625212295998
95.73954696397959
64.37441867831699
34.97645518412692
59.08940592981436
8.627312899946016
82.0264504355064
64.32886507599662
34.976522875295935
27.94280542641522
64.19772422213113
78.08808107848493
99.8993546541462
34.635082619270655
92.56394131409797
52.321643586312106
95.24500329001287
94.39475060716273
96.70217069708688
98.4556631185178
87.22206199112051
30.11228906394734
24.22742149717514
5.250464886448658
95.313977769532
37.97657106210398
22.27423077674091
38.073180794962504
71.3747559330629
52.88531394325264
44.89362765361865
64.9096717104855
60.08492238339693
66.92807711632452
44.37618239813283
85.62435019360942
83.55734952380621
3.9985940196214376
80.62478631851641
59.59763662122373
52.84986572601057
85.94467604950327
1.9917066444267384
38.53880815064008
96.06583327673431
23.74737001454076
22.274160137544285
34.99429427100643
62.34073137836891
11.274221642549765
76.61266547787801
27.605061559902587
74.28990289995822
45.39237641306304
1.9313586825942308
13.021523164151693
59.881619486404844
67.35442323546278
50.17530387757717
26.829197557105488
72.87319082089085
74.70318267390446
55.07349483357967
55.90197141978873
82.1575912256357
73.57713317915068
94.02095488802011
36.07686544116729
90.54358171972957
47.91028352476879
70.03346981387767
59.568833080946945
2.457727342951699
8.668481076739853
69.86710306581251
35.91360165955872
98.52183320209453
71.94060011955777
28.329532718367446
6.918883711644286
40.91678773431078
39.48848488826386
24.056056051610287
22.25296490132831
83.22285166716453
82.08751319012734
3.1732227405715574
3.3078657288748814
47.85860573299993
81.56892417981378
75.68807276364666
5.344293516060428
73.16435952577888
20.014018033308957
4.0553199458736255
76.81524047386395
81.09739958182672
55.22568850741608
40.42035245092347
38.550057356093326
42.494205032320465
7.492292531176037
99.19646688564578
91.36234012375535
5.102545579536288
80.8017515381396
54.49301110936491
