70 70
8.638297279299623
54.4460241127803
89.61947116275063
12.269035618125423
45.36228456930598
2.9681964886138723
15.926498018608438
70.90627398915416
35.63648402023355
25.370761400929965
41.089007036887025
52.03696418700896
5.338191697122985
86.80722529294084
72.18488026022541
73.902299581438
75.52905939027912
39.37308403794037
99.56482433653102
87.32147464510395
56.34589434183957
90.60073765033721
52.0993685550319
13.004241695007156
11.769507831497872
17.339024571602057
31.279484548763158
36.24153963084815
26.229916258220932
78.82888065555512
1.7882265487456084
37.187487183549926
73.68383116562649
49.07660986397241
38.524932748712956
1.2918708365108
65.83527513541776
18.910572516961977
73.37963945667072
23.192363114635285
31.597689157899612
16.607370861183202
64.46062987630351
94.3853618764265
41.40727715342185
60.41098224087336
55.46528747378362
90.189982567657
51.353298142057746
88.11520310400233
43.38173879743283
6.5773771228640925
83.87702073406278
56.490778053856616
49.154899570201835
34.832529717651475
73.59912838670081
26.84560822414266
80.47099602188527
16.99585496793723
33.755327448536185
23.526084348824348
35.209084511575774
77.21742426229345
72.53716788219833
99.26386575189532
47.45710070752737
59.068775671795436
50.329452436183566
80.75762219207726
34.4704476267817
38.155751142523506
50.29267394885948
95.99920706873813
90.66618388276602
39.00089926797436
74.25783710683783
51.51960393888355
58.06159190057678
51.65736964164286
93.05576771428777
73.64528825001419
46.792071154745706
35.33788212892859
61.640695463651184
71.53514355211352
25.869550781110828
25.54616728990692
12.609324268523025
75.10175996219004
30.965207531563276
80.74151233787818
56.85127038880328
27.93060150955785
78.97370806412778
99.27477412968442
11.646036555937755
90.86526112908459
85.83438435009406
18.240012312228092
48.085460506726996
28.883891726556467
27.503240059184407
20.74352995418842
47.00795731661099
83.07683185905196
11.70967517874859
67.50503571527817
78.5182320356945
44.59890805288369
71.650717895305
83.74620621346102
94.15930564841723
27.299250624191597
96.3514054052905
5.892934184960142
63.406550003964036
64.00198888260181
95.82866394120174
96.02910754124375
61.575712014740446
15.684152186470058
77.10737451022432
92.82585168787901
75.58272350939713
73.75818954240933
65.52584729970103
88.40697319163816
78.10560177166411
19.52308992534312
0.1441394918477834
44.04194931996841
28.096956218273018
89.97446752085068
84.5577210693225
45.169901027228875
76.08969367983445
18.27440612685205
93.50419679850249
80.56083116484605
28.62489310987065
54.225056469938124
2.057188497994411
72.6762937686537
19.434147486951037
54.0361108133724
8.297648288773596
7.088360964916641
39.17015203603154
0.41288632486137233
31.215914902749386
41.93796998863413
97.07342223912948
96.2125138683894
55.946373685611285
44.105757358367384
86.27658875873536
31.131542841081984
36.380020702942815
32.89809796764606
83.50942067238053
79.61414219772564
39.12374776853925
96.1124551796527
53.724323034019996
10.369309621799749
60.67879685420073
81.25342331650336
76.92584261926511
16.8595406632707
34.591637668446715
5.0971071637738286
58.043372722510234
8.908420246286862
48.422546990100514
63.37074891667174
86.89537665478461
79.05712433572329
69.3729857426631
88.0308585997093
70.62244902740076
80.82269021195583
14.279835504711436
7.026885322225884
17.487833891073258
78.64934806018795
85.39618101668118
50.02359442657327
11.66078292904672
57.21274353503891
10.659294778685592
78.69102100468369
83.9894775580237
83.89069933241954
4.781378663399316
7.396308075458302
34.25102691981204
81.43431191314609
81.15035512929866
88.0626056678097
95.03624411962161
6.433555868768536
83.89739731374439
96.10760804277221
60.66877196966335
84.23038111071328
4.430525596635038
3.8995506912352096
47.05118236909607
74.41758052978422
14.532784341615423
20.863905403578208
17.23131382017321
15.12208498954788
98.66833316448601
90.66298431911761
73.9476725409838
16.818839150379706
5.083140087428662
66.63611669216577
3.3729254701001743
86.83824187508225
35.08552578043634
77.90861238956111
78.52011444651527
97.89668709491409
34.56256042878567
78.73800737484312
62.71316841840974
72.61837954795172
17.953499424703445
96.09134467086302
13.497788213059113
96.26141514805958
68.89419089259229
9.154338253479622
45.940066710301764
82.0050233575281
99.42335651949676
33.381026978065975
4.456040839067377
81.00457528330898
2.0059787190330303
48.52988460515499
95.16427939275465
68.75344998247002
24.72631796646594
81.16447640810995
10.235708488410067
43.7591412810307
95.46373039756152
55.77991767907301
53.78827713228785
34.19967384976543
88.38315721252438
39.00802358537827
38.343202931806694
19.888981449152297
45.574025625835176
7.753321456561713
94.96344730902281
48.974468617241385
7.316603098761465
76.67901550800443
37.88431331907294
18.526210199914374
65.98915708346082
10.056903174910946
92.71885640140458
99.74770379234585
39.213674421394096
12.53414584625341
14.442272623579033
24.685248620569176
31.761530186862007
48.758594794893305
61.67965694294385
1.6856234931202252
44.042848169198834
30.44392314293014
82.24922084592625
77.83988996272484
76.72447323174268
93.15219742831341
16.99765788371951
69.19225568220017
96.12273247518635
80.26116746004352
11.122710006355396
85.48546185712793
74.81087030746745
98.97415377945295
59.578912181458286
24.69263785322734
48.36036417594873
73.95108364020801
9.340835517577107
74.48215519751909
9.782793526470378
56.11079610359695
95.27399312027158
82.90180315677976
3.3805685778369066
79.22847426754089
47.24450127272215
93.53114403806595
6.687210002970156
67.3090009701564
8.00819748298871
84.42776326375889
25.90905108776126
72.95896279247177
40.26899043755159
7.154229076596086
7.36518291515027
13.07072077304391
9.080062316511917
13.966685170115046
65.6527858630643
10.289112893139329
94.03541464473307
1.1370629638230434
21.97021266710969
12.55899456536036
72.69064843238404
50.73905327512131
55.44382383165689
99.3425290553707
87.19855006934402
66.15333151384051
73.96192716090273
52.17452286511806
50.79431062214754
88.91836748380875
99.88677648672282
27.63885349377211
65.45222217300368
90.31669451781502
87.22263995060663
22.164780897578517
96.00321117920161
32.34614621042261
44.75660642663763
22.52779791694415
26.05887346716429
27.848053104712033
28.95664700177163
56.238691348442885
63.95361359798891
46.39305976874741
89.86347164394306
14.412957612913113
26.805378714566363
32.215761201563275
37.30521467809776
39.71775483627057
35.78337864697878
22.332578083365206
49.74156297602468
89.65635307852918
23.22134855546556
53.88984857629519
25.044229475707613
57.601838593442324
16.996591990079956
3.7594291868528584
54.01134961012063
53.62363975933374
54.13610810527025
61.13211959434962
71.53587585999264
85.0468072272513
73.5560016028082
42.069909918817004
99.5777871875816
7.491114340582472
32.54957151829603
92.22807616983717
78.75298635348942
15.488321858337406
57.27835221972395
93.62115287576478
26.006802875788026
61.59697330281381
66.73218246190899
84.87794402148265
44.42499068123011
99.8969897596589
57.74699598018931
70.13346190012312
20.578304054217323
99.80616243577283
93.21360855731785
9.501301744653713
77.7779016228644
30.87677564787944
84.07846961535674
88.69070520554108
27.1956055622966
64.61681205167154
79.57722975526706
70.46527750870935
33.084484063787926
19.757553566441622
20.574026884503926
85.26658163709604
37.97865669754481
21.827737838829574
41.42568801128844
39.62096345514632
31.463169696351123
23.967706309742233
40.17797598472258
81.53434057073123
41.204010046962736
26.485723830150476
31.604184811208903
34.17874434383925
99.84675754146262
19.9631761066701
57.36907947272343
69.30311910026617
58.72789193858473
29.730859933907894
79.77641190547655
39.56057699575734
27.00141089039828
91.40118178012696
73.90873868872946
15.900737936096188
63.525668920595045
14.324590057576714
72.96031257539673
31.793957037575783
37.59160733611596
56.70581196617708
15.07528101265071
20.3543536186384
28.118390008913817
64.42581352540783
61.90802832971389
22.405875285670717
61.148195447098786
65.29758697476635
47.025120406913956
71.35596091970967
56.72521516336882
39.259460059484276
77.22689847125557
75.58645751104774
11.914772343524415
66.5789221560315
34.91563372705828
11.714351806890932
5.317141697375794
52.161516082064466
76.76095491953953
51.30854084224643
81.86834252512291
74.57670545190147
36.47256463577674
28.019222655056353
56.681919780265275
2.8354041989413714
2.1833017035027047
24.35236345278814
8.193869188887316
56.36942372601129
67.64560036992988
99.24195238100309
27.838279373263408
0.04412947733776207
90.14305867191197
54.010178840913255
7.955182800208982
31.305793406555537
64.1742053127325
90.04198544188371
68.01526558786006
62.17564787179133
92.48660948798222
62.14175931341853
88.23570571772555
91.59170372487326
1.0031155319667584
78.6095269536663
16.556473998777932
28.095518954391075
1.0364662585766848
52.601086280501164
24.114315564794563
27.961681967615547
4.044804272715796
14.3739049450072
97.38311561713611
68.52730757059061
6.829979848801237
39.50710176292531
89.35444877669279
81.09952757630654
64.85006740307747
61.70592346560183
83.00853711465325
59.22816043105418
64.03174531381764
58.54926132263777
22.52114604823938
20.26767328855723
36.1136180494808
52.43076199957043
60.97443383839302
74.66022085002562
85.63136355701523
73.71742698709097
72.44417132157106
36.68485794257591
40.84509572747639
43.23520373720322
89.71734063702927
28.31886642842424
4.697574668849791
8.759797327070618
72.8472704849674
78.82412972131075
98.80021784665315
69.27608721043202
98.06116082034877
51.26516522282346
68.56062689042223
79.05614412789448
56.95335086530255
85.9427440828852
0.03489029188521453
63.88574979880005
19.027990492508806
88.88464082751962
18.81180517565727
34.53119545069515
91.67066328916594
94.39551632690375
42.38887213389002
81.58746939300535
76.93173044108184
32.28994393060406
58.239583381987636
48.92871061360846
64.14025571126714
81.61249934676053
86.29807531688604
67.05431133355428
51.388172429839415
77.21052872172822
44.91488749046352
5.530246405504102
53.358940286179056
11.54806591131865
87.86935191606663
94.73020788984667
14.733509422194402
79.06904525334936
31.911458657355617
68.24481762770806
78.69085642664975
53.60955018153787
70.33155810941768
29.306795884013216
49.03411588149967
94.8419277910306
70.36516270094296
8.00169458946398
50.37046197540346
64.5421945296607
0.5125143962702805
52.514455312928845
85.0020891370033
38.841718054178656
56.022023864409775
52.6734288201603
93.24628611348996
40.96648151726545
56.416040444459014
57.81678778583886
79.72915759582045
78.68900368268534
52.52616051310245
39.67452622908084
63.219564235763606
94.59645888611313
60.34734659428273
62.776051458132564
58.39506845423278
20.77000466262817
87.91751069862494
62.960008405384436
26.866234742498275
29.98630026802932
86.35679214719873
44.93375675459343
16.575607537023384
37.695225193785596
89.83798688608799
70.42006701827124
61.89509651170179
35.02948309236158
64.84175696772753
74.13199356422452
35.44946045815676
11.340721772266683
68.32101625084584
80.07657102841257
11.64617028749979
30.546268432798495
84.89365682115302
58.35984343524399
22.935901235905288
6.739779231971388
3.1055079958825615
51.031338865570916
86.60372086711382
67.59066177936805
39.17372082977175
12.604717166992996
79.13589688479507
92.15187928492084
39.27891013374754
76.57970995911927
31.647521320144946
8.872952091067566
58.713693487671726
24.985507358080007
42.81935006983867
76.76345148676845
6.586121924985788
84.03445560127871
80.21826035691012
55.73544791620696
10.204358097077126
29.852195807323668
30.774339707383746
47.61456463431143
52.19751326455313
12.743087684867271
38.528823009826375
48.657464303290666
78.08686676352778
59.34164384254316
66.8711211431601
5.587194988321153
1.9807280221789236
53.467932048136156
77.49256192265393
78.56102480928442
5.155917322088499
50.172399815313874
80.79219237303545
79.01916915418833
80.93183106488378
50.525753199073996
32.677798499958335
18.81488779639784
69.80799789176399
20.856143431074347
81.82166787713993
41.17099661767812
9.19393390765123
85.67108212541876
80.34256900585636
72.04503233216289
13.08987267630265
41.706234270752674
16.95705254999822
32.464758576869755
75.17790516100212
48.53089331836853
90.3515593029391
11.00113482928361
63.011505930333286
80.3590390853721
76.72248181842865
19.835266722451806
2.886185191158064
42.02678279454164
1.3121182066224923
6.181840762006841
73.81908476258185
50.5173761793123
81.91071393965495
51.850387225153185
24.009460733168343
60.29742937013748
76.38826253089405
34.76739730717709
93.67812802028178
12.364987003745732
50.47365604000359
38.79533719422659
20.317253615785003
71.12511419055036
45.76082210294242
89.2067194618321
12.92386594331899
97.51471711236573
21.99840351814155
79.51076221384866
36.69016492361765
94.13082125456097
15.37593711943841
52.13803712188747
42.828809744646755
81.4080634219825
85.92906764001994
20.334752735762894
14.070955464386781
80.52305564113023
80.35887161963697
96.44840259222006
12.492331288010561
85.39422675703548
89.4125339407421
31.26427294863633
97.37155037351062
3.9600525362133765
52.26079155675415
77.891811312813
0.10385403918511393
4.9908698962079505
28.10904669029415
75.42530686782435
31.659235289277245
67.5067833003217
6.033980386066206
91.53540753752803
54.258750186574204
61.2103421691685
0.25773053610027574
39.64676499590691
6.276498860159396
57.351695207513195
53.678841224988325
71.67093852584048
64.14221725093438
21.946198135567517
4.973553468156233
8.324710123302005
43.40078155877956
10.204044532450196
93.4133887288833
31.06749797181387
26.705982583636047
29.161972716659722
12.502036894567137
82.30535637326703
75.31546771682139
47.41969240934115
35.38595044654856
38.272827355115766
26.089032737750774
64.17216422652486
81.56629339789305
1.7476596092261376
39.72182080140206
52.54283324869851
23.815967836859087
24.252517370176896
43.92736518097953
39.187533857582444
61.82795420047347
6.6443034411691855
23.017606992882158
9.586333479362196
86.25600827805854
41.82801409115486
47.95203362960946
66.16219116101821
79.41223780174585
93.11385020143
51.04922147347364
74.16387586278422
99.82183381465607
46.67387941151343
92.44566551058786
24.163372328044165
21.198574470379363
95.53743839658206
80.12520069496296
91.92802458468573
58.323943236297595
18.92514667828509
80.84994089500974
37.61970312913595
15.090084090843547
35.92988175154779
54.322265753475484
69.77031496062006
94.69881480793259
59.182455142724955
75.9678847576942
35.10617549753356
52.59580425193301
51.97472467296743
96.54674645795427
10.756412100836377
56.118532171650756
48.57404372341869
94.12875240415178
96.07377996288645
91.43330219715435
87.41447992799202
78.26230644273492
34.85474782573872
41.33890057139824
3.1130520138702877
4.066016610275025
51.743551740218244
82.18805798312262
15.845518911885726
22.471460058411687
91.94394500299794
59.049080825506294
86.81822648454127
93.65094677712182
82.34155553473109
71.20871189031716
82.7536846880181
14.809120189535918
96.32908593250009
83.81171875958478
27.0922914433818
99.70241932202075
65.04016592202666
44.267043270256266
29.225576498189387
47.84405740420562
46.486855030212126
34.085948870556116
18.252997253743498
88.60312867139547
44.28315861611778
53.92733859789781
72.23506509534518
64.57815049668152
77.49885729401257
24.270045166309217
65.47601061229945
66.64466494535749
37.48782685570843
32.85068206117283
94.63262112191401
76.26913667357425
34.28842782290745
35.017616599884725
53.92304858029012
30.136362810192917
85.84162988583286
1.8148937787828667
77.91283211671765
14.494177414754628
2.1905287632450143
61.94717679205631
31.044794901551644
29.809985626808434
5.678116469450756
13.61898080381283
22.850473192337784
38.21904203881864
22.956388584791387
75.85249481069239
36.92114564637967
12.497071796541126
43.16612054280802
15.04022056996661
13.343788602217776
35.93773769013776
16.425857209256655
41.17077196616938
43.3677353005439
22.806976014105796
87.84050869992724
61.6337613868536
42.053694258881066
57.7659016559395
86.8312370509988
70.29116419947083
6.04324390581239
33.211924422682415
58.939929518721314
24.06253508698235
54.18689524173039
45.633331242999155
86.03031451518788
96.62299355648581
23.049591032728866
85.8593127998954
62.568801012909915
85.32893713218772
90.18444228847137
87.89994694888881
49.27481306724667
43.950816797705194
50.29006324252377
26.92313251738859
62.17305546180467
1.7922347916939363
28.60852331033015
32.68459252316539
87.76749605675263
56.10472375591122
34.63796556067443
69.62342258872948
56.25059690439039
40.34980259415944
29.085885235063202
75.82919289423668
72.11498567427802
19.87635130773372
71.69807204573647
66.76362531759075
38.03365491137326
45.041818106025765
35.63793056929785
70.16922909752222
48.65581954268004
66.0745716170358
67.01519485000047
29.800460369344762
53.30486772358633
10.315612623998282
35.280728742796555
50.69128206369237
21.339403544376488
44.5921687378741
81.43686667414316
95.09387221307199
56.67285237710019
34.09162492487806
15.595185557338331
13.396966376749585
19.04940315514153
61.10292012092453
53.754959311888214
88.0086702469963
76.10921283933631
99.49485801162304
88.85058796097942
42.86959524204856
3.280675297280111
6.344811673224471
3.0314459837449625
47.958765521516966
75.58763764782397
34.77180064826584
38.49306492229738
15.494208913149132
27.89945364651557
22.17143890986131
61.0762603949361
56.68811295238043
4.398460377064239
85.44382342363306
44.93579536530403
2.9187873495513217
95.76394392446568
90.54896385886596
69.0117525099987
24.762310050313797
57.19429156872901
46.15104209934916
31.572624634501643
53.48011571423351
15.236495072749555
55.464541967988815
81.5352679348717
52.142611322856034
46.289770854419466
93.31038215248442
82.22370501588895
18.936822544413335
50.19564739858351
57.18983035875511
56.95539724431465
18.23852506127358
16.03497493717866
10.963672257142997
55.24715599645056
3.0486677418567254
45.12572741048393
74.57978075895346
58.549291130725145
13.146152797508348
13.48404733405294
64.8989299440245
36.964817998160136
81.20444756254118
73.36446913964734
59.95535385122314
55.46801128880339
68.76969761289433
22.033782982404915
21.900052117568958
36.86972999886211
8.906209069868698
59.128394789834594
39.57691500009904
24.063554233143215
66.79708427324856
70.49844268651626
61.37810371924181
74.26265434508504
7.182832623452362
41.70184758129191
2.8481221239244126
11.81408383227267
42.15575802898574
43.040950661210445
52.59636013747032
85.02848873517375
14.321244345573202
69.43545994831514
35.93493885157378
66.45141319178484
59.34446917757098
98.19293344255303
88.71358429884306
51.34578291328099
4.317293547560452
52.170025041158155
2.7127036239700586
65.6268707694993
47.76040531057386
95.8673629987459
48.99558831453755
88.4774464491934
28.36555798768321
22.40548205480668
29.976422987496555
56.869472367964256
14.707379661737574
73.306646809807
0.8240213163115628
65.21075442336006
14.526549086445694
46.62479853984698
36.923784499979774
70.94423544849406
15.714320328138932
62.10343329894181
40.93711480992781
23.51484351217634
76.14879485727239
21.05042689828557
64.06533243064636
24.486897814349028
44.155333169144605
33.48912625199172
92.50706168230943
18.97364322905978
28.464202940478746
36.75430512996128
90.8130945073724
70.26195306851214
56.217297219157146
87.25096306854489
21.82580654793388
18.658131381785914
87.9137859536684
36.98485757615392
61.26768565296743
19.925434888092163
81.02089927911342
39.77434120588179
0.749439182396594
24.834208782996125
66.9341657203022
82.0238878051502
27.767192912401306
34.12796772912506
97.89652400573115
92.28702377319019
0.04784080355699771
40.68215858613329
10.555995440395172
30.652196102999707
57.824840883285525
4.119204037467639
29.8435014803491
1.173158216899206
97.49362047128866
81.74491676782986
66.89321245771654
20.307771008725027
66.93796241593186
1.9743462006445278
18.765549281015826
98.7288625480025
8.294387217343758
75.57513188326371
15.777007653567122
32.739131121465135
4.242419245450479
3.098126320006933
66.49445495917183
11.667869513174999
76.5393042752295
20.122564374513075
28.86168389351168
57.81871358538835
77.02119358370663
76.76525460314807
37.469801248505696
78.29760911631162
82.52465141207551
55.02071813977765
8.704927506386229
4.706070484189673
38.8216141602863
77.92594362167698
3.1263571957220404
78.80081282757982
72.70489979230494
92.14556681834013
83.14567390120955
34.109118408437844
96.57301056826789
32.65478422877129
48.54128809448655
51.23196796001385
39.599311246274546
15.772622903094835
23.98716362555071
7.918317801257835
31.873100012574483
27.854857460546935
52.25841034165364
86.93634357100002
99.10310005024111
72.37801727878413
35.17851742128296
29.90448125715197
47.439972203480544
57.042257246077675
49.03503742549861
41.575448506924985
50.35101156370019
69.85246847353667
35.74300190250559
61.20557215589536
9.999431059488229
33.963135728916384
46.971349826961
67.214483640357
36.64121478323016
49.69860146368453
74.48758460439142
62.69439584590296
1.9562494316789025
81.19996075297475
61.69143355210706
48.98398786425794
94.1562156031121
85.62169657143316
87.59120750069035
47.80660455187223
90.68377771337617
12.021139782538414
23.632280100780946
50.0779314984656
54.77255374007193
30.951098813112253
98.09122594920736
49.47120102570543
93.16972523294106
32.39110122873975
98.9174907732189
8.143628977546857
42.90278681949192
92.46211539833635
58.46837207869119
64.82805903722829
77.21083239568388
42.25319263848875
49.813363476189764
18.955957000892088
21.787980015701326
96.42810465819794
50.54063172916982
12.385539042106775
73.67254005420271
68.85594764927882
35.443251539437746
31.106084763933705
9.980454641168112
59.42300459142944
14.469969945035322
7.569845233444905
62.519226138330616
78.56837227074494
50.440805539006696
52.6490758442837
88.04315332845376
89.28960770077695
78.07673126451182
97.31676311669163
55.21520034983042
89.44763252577519
55.597057211438226
52.11545944935747
35.08418453938225
76.27034791909827
63.04337029737893
96.630004805058
41.05076457020582
19.30717811843681
37.224906168610296
34.632269420507114
8.570917947014712
90.45666722512377
36.438195910295676
1.6338908968218768
4.543948073214588
48.45386919826174
81.51933187507436
42.2092486323122
27.12760708207491
5.277320072943203
24.97648516500742
26.083842630205268
34.01542031317164
27.53238976175042
98.90780919851797
81.28211956632373
25.401423027733205
8.07404996494837
80.13482990313675
85.4585626994246
84.13763505536895
64.3211480752046
5.783651545445235
94.37967149346777
80.11040153451606
81.82497121982908
86.72226080750359
65.67227037495708
66.08930463985293
67.92611335907675
9.126185686890942
84.80421442139676
94.61959004379815
34.88532471498363
43.81382227590952
53.23622667363851
38.31589085255174
37.6224619160546
92.00598505548233
5.314636235877723
20.20975761815622
36.482624675512355
55.45558135800959
78.73068599720155
47.39728140006799
39.67217802026647
33.799863666148475
66.48473079951575
61.41929902505693
59.84816028364308
45.95798182361273
74.4971808978111
25.947432933577375
57.88711856171229
43.08714930426667
70.36481288350898
83.37771226366638
45.87144822621333
44.11524786037015
36.24219813766637
46.0582984938426
96.18329895580445
55.201853662671965
71.11380030367903
27.225749609465176
14.215718168350955
76.31756025431761
47.19640425217988
40.656498459476644
55.23671357546033
80.52784380748355
87.85009275976331
85.35152145630138
9.823892226305176
81.45152801337237
98.4096086569767
97.93543915529105
67.49116935037597
54.14235606959061
17.491910400379297
37.14766894115565
47.0257088087028
11.80398255735402
76.02233861803633
52.74132178746718
68.7781629663683
76.3053274572644
86.86579424295222
30.250200117779023
70.03500433182988
0.9479171483670057
60.16215120389097
88.26501284971258
20.823580963317813
6.616043732447108
76.47869633510008
17.694832885024137
51.322062040352435
45.76181993092787
72.41075853790356
67.46029419222312
37.218351573878074
98.10063789388825
8.691961641974611
53.42326664178746
30.960696680314726
2.277668111388753
58.02475623979395
80.24907605330476
35.27861947997847
31.06876597409537
88.7986840575085
67.47944893977687
54.374119562619036
25.17135328861919
3.498969304391697
59.56067138795773
4.095600361088381
94.19156078389935
93.59098008343938
1.5085411659649495
49.59887214394348
27.100755358441162
97.35058382169713
86.05100469620322
7.193195303291089
5.429990542369023
53.96813934813737
60.42035778243976
83.41459590311419
46.04733634766192
10.877485584824342
22.969761718228277
74.22683668454191
0.9070158648150417
73.14709153150633
88.40862649703968
84.22041525016694
5.584382180606983
33.92152100693345
55.50215288800676
16.18459070176289
18.100943652824007
81.82450454636114
14.303326167138763
12.340751325200472
56.86609450835434
92.37028751767697
77.41382636373633
62.65133941492286
3.088059743515925
0.1529800029132944
4.714093876521552
45.57961744106209
58.03506470122334
36.72702307178821
61.1905486811654
5.918959490942055
94.77475186097956
82.16138452149146
75.96260187225985
7.182790595348121
19.384614164587312
80.92556865060332
45.54997086338307
99.30428490699786
58.944327941557084
2.6119521597747553
13.384322154018967
13.237346206553301
24.035602150897972
93.17877845467603
49.58483075583824
75.4032730097012
52.55257590476739
60.89390417427518
33.34376583367076
31.681088403257473
69.03623159517308
5.409859249880644
74.3227406686831
12.459313013847972
23.08081152288143
37.8294423249876
36.62419624624638
80.98410757658652
46.589851178994415
32.45364143726758
47.66739419945875
88.91110681814943
51.95853184579961
39.35238966043123
15.803564790423973
19.75902602928129
66.36957557926588
82.1340310911608
82.14522685531371
69.38891703251238
98.49096278170376
23.59879838030332
58.64404578891968
49.69275089374718
65.99910284940454
49.11752622287806
35.43576289978246
71.84133103436669
15.913671138638597
70.66958401625254
63.162667532907626
56.529665843001375
74.00336869495158
81.95462616271944
75.16992837927185
50.629505308962244
48.95783629547008
60.80878108240145
51.50574854519709
88.4479458238683
5.704980841678187
11.96924793866917
33.271629248054154
45.22415817032501
95.14965688102721
92.36412526414539
16.947640812917864
12.482933555591158
38.58467903422855
44.32641764527134
68.36425333013383
45.477270417200224
90.90256886674976
77.99356376827372
24.719200730132542
6.192684182948538
90.85496932518869
40.2292695738224
88.70770146223822
43.92696567630119
2.7305160515040727
50.44992236572688
36.62641508171571
92.73513926622698
99.87815480455646
12.662042319311318
77.87629010193994
67.71406134041696
99.16310975500674
41.384092842996914
18.127584220968217
93.95147778715054
78.52096892002865
21.763987745674573
6.70844429302041
87.13423653508579
62.24555562980086
42.518861726885795
76.86922211359055
72.80832098009553
55.7468884143827
89.53927847025187
32.06159070130684
63.187389666922215
94.61477027607998
71.02289708385699
17.204173244349718
78.99697795452202
25.937546727378535
91.0876235604904
7.078517052852618
61.45681095078363
23.244876927762647
85.25913409103006
61.3508297439462
12.917875789843213
28.66651962961624
9.71085293625552
71.84096850313524
76.1321637341846
11.531212761964671
7.658526893069828
38.20265139583293
95.45851087096531
35.37449755201519
84.40215463560897
48.06260424121209
80.2376556391439
77.64219793909233
55.806544324531814
51.61957202826043
27.805689605420202
64.55959056031047
24.257255632190855
24.83651628295247
55.03436831716779
59.81329412935157
89.24365231460885
2.337260275770181
81.17810186632953
29.71786932488536
87.42001818765026
33.60417434980394
89.86165254277542
24.63726407262482
95.90479250127285
87.57225207755384
94.5213095367216
2.5089648498397454
30.19895851232379
76.00310556831388
22.07006329371235
80.83083941930956
51.81226275413506
17.74471663928685
51.31675837167609
41.14018816923301
39.613165566773375
58.4997328780257
2.5312744438054646
39.208828342854154
47.83038925850358
67.47497522610934
26.732566556649218
21.264896507721744
45.51844789007693
23.735088452845876
15.89308694046645
1.9788200105708253
54.07620976111248
47.95011985799342
26.778163375130358
6.575564451501936
5.846760439960441
10.732130814406048
96.31963211233962
60.28044955140503
97.50074006465059
98.0890279610369
94.11856025989351
80.94014547580909
92.53521112188365
2.02172849011093
56.27416304288981
48.660005775111756
48.2868916858571
14.344099248467456
93.07117211607608
13.521906659172389
44.52351574050548
34.84610158531155
52.76411592743623
12.395690647817537
58.939488147154464
21.99512918741625
36.1287260901961
1.0139098684951775
83.43556223355645
14.751849037320309
9.393061412252369
45.65723918515734
82.51727089370817
63.784236255434564
93.00387110567402
14.881541154382493
6.996296953776737
39.208825927779614
23.507478106692204
68.28284380089642
68.80978831057242
30.017434229396045
59.74332406315932
18.388471434620733
3.3466731000827643
64.5269940338495
93.14394658616916
98.33221158861589
53.2468174910787
72.98197745553354
14.226903078747188
3.4816891161418284
75.09957657956768
28.042126381528554
1.4024967671941724
23.770522634143788
29.377896609088904
79.63932036780231
96.19561180201254
39.89101667492856
15.466744855612745
17.065616792369987
94.69286342711288
32.868460781666045
8.962629433776359
40.04558583398453
49.31263346002965
64.68775035739178
95.83066123479486
94.83092275392129
24.453269460783144
44.94625563105049
82.0470499656611
80.55005008128524
92.80603232971163
45.134045734160786
66.23277696669658
42.29695714099563
24.438540450916555
26.68911988362479
98.87142561264791
8.767147633556327
53.883691236565966
2.337614576880964
90.7148788214349
76.25383835130474
14.826638840477713
80.99458610189775
90.78566719330445
99.78970436755479
45.513734234406186
44.39444747998257
31.93761740541219
83.1008421776684
8.44883503832513
14.433615153039337
9.938423690956244
63.39832861965944
25.686270205983806
99.10675669484806
66.19285531127727
25.67645932729816
14.326823124411547
36.33118255907466
20.390216833560615
71.50009378052968
73.07515771573608
92.51948463410213
28.22430345825876
59.46442853861845
39.983571238808636
46.77129622554494
17.150254684418808
31.032572607064314
99.64346985832752
54.48084966815879
65.32487852352743
77.02180495518213
49.7772106789584
42.75842712902922
48.716933637727124
99.14289113060096
62.71905727798389
53.284502058334674
37.17927901198761
34.36969880355944
20.64267486496122
87.15920964068577
97.55136601779553
51.4941969398607
26.269738348251902
69.22714645912401
1.4718102200411254
98.00556179750059
77.61516279301756
14.775757513541354
20.314875362587014
4.480757259765033
65.036201433121
99.20052374506889
63.72881017846602
13.13665565049542
97.2061737213959
52.85216530173141
56.75200171506501
11.380797057584369
49.04582665840618
48.47788255277392
13.062337107857857
1.9805581486557866
93.9860902985384
14.749331230353736
11.06907488092318
69.61329332929735
1.6428232033680046
31.265193973501848
65.34561109772685
79.30052001160014
10.596341768474215
28.698837927629327
81.28021744182894
27.970306569518467
21.8050270198071
76.88259518370386
40.02173700440016
86.30797003408041
72.84672500257899
35.50716626054628
42.1641478383609
56.097069621268034
70.04048198456465
24.056182704066885
10.037701257702336
0.6777967218473235
92.22887928272118
77.78212478672125
85.88074171003825
13.827476813808392
38.91774907689059
54.46639039076147
28.8473433302183
24.61713788556963
43.19483668875996
73.77605452360797
17.579631057790092
7.772526627486187
3.5973083609745937
14.611542329399363
67.17040003113128
56.513073779156066
26.41710632725672
7.473993286129277
98.38361879111861
34.03048724884514
22.3994794873989
69.42702695462172
88.39230425615992
62.400893504852675
47.50421345588551
22.466017579608653
27.722381953995068
6.212187747665421
94.16115450450022
86.60447461958815
68.71352925092108
78.57024598486589
29.9881994850705
9.592004812297905
3.7882015874578734
2.338377738160957
65.34775990668457
67.71881157152228
35.95688817368144
68.94346475752128
62.29494070393299
68.5976044954229
34.54562613635469
55.65592815755396
46.75638307160243
35.0046057615918
69.26334443276018
25.50231648767447
63.88393002878655
32.31787104646213
76.44537155694212
35.93638886167748
65.98403681842063
15.840070180815747
78.95610901731705
39.79846775800151
37.519210321454196
66.21384126466917
63.923452310732046
66.77759269718881
80.13036329225227
75.04848676757017
81.35130512360304
57.166702716631534
55.691371190086016
87.86008289208446
50.727600546407004
48.144482785176336
66.11608272742426
86.79136556261969
49.51007504614907
85.5500059399391
95.36765822338735
14.741482746097113
37.907159987425445
2.4876044242479467
86.52733401171936
89.30522088886478
73.23108278781942
47.19454724223176
56.806910534629495
48.11018249605334
33.33466588507673
90.48812582935491
81.54928347753945
3.9955219254395713
76.08079461623625
21.088732508997253
86.02607294242003
48.10088513287004
27.79405283264712
21.35861216298096
57.94348900084451
86.86030633976928
58.24527143652157
29.890243014189576
71.0090319290129
66.10458072001816
64.8873857454466
8.709538225898639
1.2193423213184396
71.27065690652978
49.81528032995399
74.93965277067687
33.247373862158945
68.40684075723222
48.69400874946279
71.69439408486171
92.17837083244709
26.540572515517844
78.42448944047044
41.02240533420146
28.32557714085796
32.90868962383986
47.051478303847105
88.82653053851163
21.073886678600505
91.73715969336467
29.314478519004805
30.389917958603853
10.163903651507944
58.14991450080418
21.394354077191156
27.373920106403705
70.80934815937701
27.70018006476278
59.614421117108144
28.616824383863047
99.93753056148313
56.84628129396517
67.88299606702769
15.397237227256177
79.57374708413387
43.637894691794045
16.67051648869382
55.40249790445305
50.060670448636714
3.4971101344584143
92.14170474116902
9.112606284632063
55.84964236986221
55.238051089209215
28.544268088655954
5.73136041241783
43.10727550733835
60.60931810130398
37.01671363994853
62.51276476601265
39.10593869923363
70.30900197868547
50.719667714512205
94.48081369443837
98.97222254981439
47.44236855048035
68.14349352063343
75.11877170939407
17.41664702251565
38.32218253630647
16.232452706962842
41.71584627062149
86.24995070853183
28.760277768409324
78.7806146891662
10.713035801902372
3.1940776212655675
20.163608331394734
77.27962874262435
23.35866733510977
3.171754275168903
6.993477434150042
10.290152454881628
94.12211801850367
53.67863500428549
83.33210524339208
16.857998220883697
31.305051262167993
58.64322465119726
58.5676823194199
45.84709944140521
53.3950942743852
10.540831762471292
56.13014070243608
25.986067818754222
53.424387179465484
58.964742238254985
16.812148729542397
66.46729265559152
68.44461430964043
56.4254784284963
41.23180046491266
30.923825201674916
10.648050771072226
52.75068849958351
49.66456310147428
41.84237690572425
59.94918913933758
30.703453928375023
2.9632208460040887
44.68212234136013
70.5781551695889
56.84690541445108
38.04523874474488
74.80584093866383
39.46913355575834
4.078624853451718
47.98627532461693
5.764170655833123
86.5544149235419
26.96832641839878
97.21629100762742
34.922392031867524
17.086774459110977
57.33182543082985
55.489711649932595
1.439684991178447
84.60496050765425
16.91748806641986
59.49039087570007
7.889055172438663
8.501783714043166
46.95165568754208
0.1845567218421773
53.122697322052794
87.81304868555353
54.70475443373412
34.61618583016117
9.30477229689648
3.087578855031514
53.535362678412945
80.1735912738308
34.85435492943378
94.53938195540783
8.679100121193384
47.035873392709604
50.63582310330599
72.49183168461889
9.602036167801742
78.76397019780745
44.061857719878184
6.858131210198626
49.43407239154807
76.41095404343191
88.82616986150865
46.98632490694556
79.5408650608316
19.020710855702294
81.87726894683884
64.06296451244461
25.631324091005993
7.332403167212631
9.516737192441472
18.748368346454704
91.14228126369686
41.13357567757525
23.613600879912468
29.510880430912344
97.6899325758385
69.92599657697436
28.359111874684707
17.98312035028946
51.45436374694008
65.43258008580023
55.392764428581586
70.01335549115315
12.369370085730036
20.353401838057962
46.78281258481256
44.00637082451967
81.74304361094737
35.23402773656217
88.23253871897442
61.91045301441294
3.549787018924855
1.9863622504497247
21.488160050692763
78.1836725328669
73.19926941571137
20.55415444152423
74.79180376554369
10.800375728456368
96.09517635908446
55.8612223296746
22.93952486708989
51.864833974024016
43.96627849333693
2.553887415846745
32.31507591224359
59.3267993870667
61.97228235643205
74.60875813020355
1.090394960488561
87.21426958231886
28.321042194311797
20.77300286121282
80.61778203754982
75.28963708526251
4.904237908704534
8.561699973352088
71.26591271431867
75.35645003045515
55.118056393838835
20.525141137620707
44.15551179967758
84.52314102108211
52.39573667653279
88.61240200274082
68.73283923444413
46.54917430469989
70.95032707609202
26.20597423557671
44.96717557794621
53.11094365295082
98.22930370079807
13.665391417759743
66.44252266190568
31.159410271396638
58.71543408249761
5.835866220481922
7.494727847908567
9.465970202819785
96.62484794697575
38.939755082118296
50.5310104246045
86.83168372593104
39.060080659606676
25.74157793697115
98.18547042262156
18.756404578938714
13.637716902361529
59.34006415314573
29.460684051446005
47.61297235709966
26.85289778642407
84.35149534397907
12.295597742833674
53.08551971108374
39.32363378709547
94.32432968435054
34.77179163763699
9.75899642757686
12.9188101477536
62.047965544499675
22.252305230814184
66.496770023669
76.25446103204675
32.1905622677564
53.40209494729884
2.8800468884793373
87.33108156514848
23.73759875296274
69.06278421367433
97.61193301554644
10.668839373649131
11.304767892851775
86.90611734605457
0.31467183090136963
15.876054898972935
83.74594153163866
38.570343581261405
20.976957745407287
24.455407752406078
73.26040350234666
73.37851641568321
49.71548483353698
86.8696279917041
29.126368640421518
87.87799148568506
39.69482897786318
36.32102001183768
0.1290195627915769
44.930358313944105
86.43058816989958
56.471642090234
71.24709605290984
60.34166267238605
73.89949793351953
3.6328064176615826
62.44121400139476
13.617122574584073
94.90407919401656
67.22942517914625
98.30369354605284
31.59386762214943
56.34092949309618
62.512986503346525
42.76533488008408
56.35968181304085
9.488895129822472
61.44546630776132
76.32092868410089
89.77773738217162
78.72572762715772
26.583250416434655
86.53220965602974
17.84549815316271
6.421060915501253
23.711815294766904
94.43427552791016
67.96183163705074
99.91216151018497
71.72509936676371
44.720189611110136
85.59757405304308
46.122698418526376
1.4843602217869845
16.358056127049004
78.86744332116761
67.85441557550472
52.05587386589253
89.95910101847161
34.12264726079375
2.4775474198718728
82.18426561157858
88.19019156534685
23.691563111337032
28.62852839404615
31.00957802393739
76.08095800093061
93.51703790540591
95.26803164315913
35.40234376209661
38.43111759826306
54.825168719881056
76.5416265634178
73.85952021972328
70.44961424681587
31.572920165494235
92.77560339761807
6.906926482514719
30.576135386533565
87.85419314758698
52.33066568981843
14.660416727979541
95.5879804218597
76.84835542991871
50.887547238426436
59.57415642960563
3.742723374646395
18.35926576980018
85.54244969430685
64.2201146320443
86.49249881422297
96.07880760862032
9.774828851395046
89.21818636299611
38.871407225665585
61.3304971244505
16.46136707048672
80.47899711901569
8.979459535326384
16.707188339462174
98.99065054254127
30.7010880627555
37.02204772505036
56.754038657066985
42.427152515963975
9.707920753635957
29.690087288961266
70.2613375538047
64.47709781166931
68.22468504518501
65.60872772834433
72.89899975106843
6.237389837906726
36.75882060424556
66.61466545832963
2.4893687021357525
69.67955404677886
32.88368462108053
30.823178040905162
37.91619692038566
30.10299164983935
68.89531206931906
68.02321554018408
42.35133677850429
69.560279347509
4.127980492825889
43.38821221745916
84.83309556763243
22.843955015898675
95.91191308727235
75.2577765934461
9.604462477136666
51.747203532271236
29.069012908635884
78.36275268719473
7.28538997569339
44.727543758256694
11.250970915124903
3.4993199478818293
84.3646678288024
33.239250954739106
24.215000660425957
79.58594764064334
52.1331537157763
77.91089695713734
79.84233159785862
28.078126330003762
25.42546188142296
7.368643556181209
76.05411591254607
95.90737570766099
71.19032677352733
72.38058353672558
53.84314238970755
17.605808928554467
56.06730930014023
17.3567312219851
85.98519083053446
32.50409561322145
85.37581391705605
23.739647546496112
60.73073891464576
88.56940159964144
46.97957520406894
2.3089160807694964
24.1243075712812
85.89717127957516
77.198377559063
49.781928634493056
93.17104044438038
48.303792910480624
20.683549848852735
86.69609479816526
18.98752146560332
3.3506636950250357
8.282159210022611
37.83388913252076
14.183727696281512
31.915839505410336
91.96229192349517
70.46636061086852
95.77863321234251
69.61084729785728
46.79543905791203
95.24098659228713
97.8752410984415
33.063884854364545
83.26887470246362
69.37855157447727
20.9657397247327
9.704694182259853
6.925991885223038
61.46188503250642
23.153687240937014
45.125064623394074
46.57472631284932
36.980166338244366
2.7328423170900784
39.520853972348505
20.202254043828425
43.097524153105326
95.52763049585653
63.70957576051373
43.462610475224295
99.04225099542091
31.860817361074933
66.61140938276388
82.89412189679994
63.04485419405499
20.957945902736952
1.988471477404774
93.69791727385692
64.15186403796706
73.7348145903977
42.31540457929277
29.18459106503075
51.6241375824908
74.14065023916866
4.404512389272053
18.181043805378327
69.60326425470723
96.2615961624886
33.21198104441344
59.30195547629079
98.69121848480523
81.62064262293592
28.22917643663373
61.18811263342055
11.13808836414567
64.40113163582235
57.47169629013317
54.85493496688555
47.66538618291987
23.893360800800256
38.38930086751742
10.369973865614423
98.89600326420211
95.41508516238922
63.26001790140673
21.48674016976869
2.9865287759838433
48.70929216992204
99.623671374528
91.89948147136396
91.37917840813526
74.06955764161147
58.97231402941885
58.636535763352896
62.99168586334283
50.916609673024915
83.17614466302135
23.67292938469704
58.721188351657716
19.211424314092852
83.46026700538324
29.368042504530536
5.021328623260413
15.616561059331758
68.76689015926621
91.2639538123751
69.3149587039352
91.19030511218917
50.092339652366306
36.249977551812215
97.97720756885559
28.8539318426714
86.11961961320777
9.475550998618388
32.02016092305557
78.55286144081394
96.08767148762706
59.081198411722944
17.05798296208255
44.44161860704023
39.56433792079499
36.849934932620044
51.96354709455239
55.22939813573975
74.04199240162144
76.63121529711071
9.82946564179944
40.4968602248582
45.5754182114148
56.41054613075078
68.04452159390061
34.48157153283168
44.00806562532495
28.130926349423902
86.6037500181197
16.925269649560914
24.683644208268486
46.93057788226511
4.383964031899701
44.868787325672244
39.50998022418432
32.4382526305011
74.8335623768657
48.83611903811457
72.02143580428466
89.29607925105975
72.77574164784028
22.386858314709524
29.67249432848813
4.799999160726398
12.283742125081176
8.635224648223206
42.80447352072297
65.22213738547342
94.41865830619766
19.253387136890165
87.68535827834381
55.88153044890544
54.202997255268315
96.46476174410516
13.187964640140082
29.22519007404135
25.976560273455306
90.88256824782918
27.298148779034126
57.304699387828464
92.77412673821452
55.461559960301486
52.928978945229375
45.24745672360275
22.458317943262962
83.35811680993676
94.81070148403786
85.87469256998283
6.686215824900255
76.96044264534477
84.37415526439598
63.47225035854615
27.154111559046612
15.27184600254503
44.32611646714824
48.57018808967254
43.07423058612625
45.90610182041134
14.222837247211173
4.695184637256045
45.240356593656315
65.60813075317343
11.270922120421522
38.98027875423891
86.05041600957199
43.73040131751027
28.49827594481725
70.18647025929077
30.669310938957363
69.94200475922935
36.52185007446427
61.65179193225935
53.74918681188077
53.27395122204223
98.40725496550614
6.570600576265306
57.3788130291906
46.641046417396566
21.546523710269206
91.04607145188707
8.569709066778897
4.106898551369387
24.63700979676897
13.746396502749047
71.43130531082835
90.65026748035444
63.91414938380382
36.77943097145695
94.52999878560952
40.1689253740721
69.5012404448185
26.260689054231513
14.639399093937755
84.22714593512548
7.666359644619403
66.58767510274875
41.173565978956105
79.6555480953606
13.735789887402184
47.1528817944733
97.72854745255891
44.200579745679434
74.13304421604786
91.55008289138539
94.00410070463514
90.73340678301214
13.005027068938757
17.36735962075183
90.31802427207238
18.155461793602136
65.12985384373961
97.87958112218736
15.983257679122131
2.386395103354455
64.10656950187183
61.208352826872634
77.06981298524171
30.825342551224576
6.111294790242383
9.655095346877363
9.959357682877679
38.69601124648201
66.73524792169114
68.34946217474665
48.56517431017387
42.2617725673926
19.310483233858665
85.87788975803483
42.344243531297245
51.40430046199717
24.925119070030032
40.33133824996968
89.68692449708506
58.568384513666274
28.20987494347682
96.52400445175527
99.51329303453895
77.64371471530339
59.48662020474744
3.4737708543083334
80.15593242604763
28.76663407981375
88.70925765541368
83.65792822444241
60.200256412158126
32.752665467931244
79.32272930642056
93.59879276771672
73.68734453853864
79.03873358204658
79.71881687120158
99.3525103485692
94.75570969517278
43.5235629262063
60.84945131962122
22.09565394153775
36.30658458753059
82.38567032810177
12.500787338253138
14.517069537522708
42.6983351159144
47.195961453736345
42.176552486063365
14.871534454195434
16.80569692194681
0.22720020054367573
37.34156449644682
2.3472143395764866
7.964107699925371
10.192833012781888
63.500499992928006
33.9270231851574
39.207135105056814
29.98129905229109
26.361554894899363
18.028623614904028
97.47766734702606
36.638730019982425
23.413885551084622
70.21896474829575
16.368868173326046
61.03991247106965
38.59946476669831
51.707069676725034
8.308399698015034
41.18841071665027
41.96311228005659
3.039951595484003
38.628237772483864
73.54460585319129
36.0277340130933
59.79433071012947
32.28040288842816
51.82015045007873
23.965477757744523
19.13737427036838
68.70499579175674
15.638174953577566
48.32518935399439
41.02692846107118
72.94831426141745
43.27636208979986
43.018817167084634
35.952323839719554
27.51778084881694
67.52800476397313
30.87446460065427
82.4019832214827
89.38173594189924
30.480575972433265
46.66223854639115
95.41390732854632
9.430219406055329
65.90342431326903
11.24570430091164
74.00935593550936
15.90695763639408
92.98107634318914
1.2105992265919463
57.66098781445411
82.67417982689392
88.30170031775714
93.06603072995992
91.84761285432042
16.031501001628136
5.553217014325773
45.415264947783115
81.08775473797093
75.79515574168161
41.21038140468245
60.69944462749584
74.69681496180146
26.917073726969875
90.47999738367031
8.069210338563304
70.64488460559996
37.61609505373036
63.61354091624569
60.796922778612974
4.015467221673974
21.612696948643606
52.168540867459825
78.78790592241411
61.34574349710208
34.50084177225078
15.357008336100098
40.10907949616412
91.89797073763957
49.599688062991554
95.54894576364669
25.810217066822062
27.137805471440956
16.40957351467479
59.27480336233537
16.896872370015902
2.013258468409662
15.209166378486982
93.35642083266778
75.20084769987635
89.70858054099563
40.070032900888194
87.303667126478
92.78364248218945
72.42043773056093
64.06103225032876
59.402209279018116
17.456152974553206
52.48815912217144
43.783218650827834
1.7687194955705476
24.498346381844737
48.666040398992415
58.14770691488208
55.82075202571338
65.21434808858973
28.290117645862146
99.47582676821798
72.87423788495161
28.877688220091702
6.317815532751325
33.102145645007774
89.71597702287293
23.417743844943907
61.54694470481105
71.11123660589043
18.32185702856438
32.94253201374355
7.858677045262297
7.497464156614219
7.139067456487025
66.22092465496614
88.2667484433268
5.984349187914351
6.5867965273123446
53.07047419872153
5.247415742450534
15.953538178387694
91.36201945007355
82.21165509331283
31.48191433824564
13.336872422539725
82.44776850135753
46.69983325268334
48.816085616768575
99.43486034078775
2.7771493658334534
37.8317803409569
83.4791938884313
0.7176869595860946
82.08162265087715
16.30925513788354
47.33464066439888
67.68193008249995
98.12190869551935
38.419045391132386
23.801453024403628
71.69759961804886
90.43856155974986
8.559893899415583
63.0949365375157
41.78554478844807
73.23498501149082
31.99969056009714
33.52007397059591
70.50362794476897
53.30183318903931
73.18989717759344
99.6303117720242
49.422948985643565
74.20739814125777
91.93164169734106
12.854019688736418
68.80157070130004
10.923778809141782
71.37589185017707
91.44714128566514
44.8399876509058
20.059406406391865
58.76456495868704
77.87084506725773
97.81465689166656
19.87642157348678
73.59793966527252
37.27977838823835
3.0526003215845754
25.8548688504859
86.41184779543156
93.43348394737141
90.82609282362884
52.70036837740736
16.91463392091005
45.59210959712063
87.25820343479181
45.193806147040895
63.424961516782005
82.62583256040053
23.145099661773838
68.67616682557134
18.3043920918628
95.57375117867728
81.8964203354981
43.15364743492294
23.97038717317167
78.92583681198207
23.416363621356616
16.43873283562981
91.03446466446151
97.2818187442662
70.83335207235052
42.28610305237357
32.16933412015219
6.017682173660866
78.69174539488262
90.32846951272708
3.6537246095225018
74.63156057992545
24.614375321457594
79.40235469923319
87.39172574804456
7.165716818133438
71.5699422149281
54.12356533602506
96.23800698736231
75.49583251162659
55.21529492873771
99.44316497633477
8.836654877550899
19.803361896636318
75.2286896365802
8.5320178713172
29.762980287113315
10.583297647806578
89.36372845350394
52.374080547698355
0.5100493729743305
17.013437639060147
11.764638661913418
19.18348130400097
65.25980368172726
20.719643284832745
79.1200722918563
92.50908562276952
63.669891981620616
43.93717941371184
58.425097711080355
58.866382839509555
37.16414670471744
1.3079701640262287
3.1051501790459235
32.83785088144818
25.70014078828694
26.46236399391464
37.3020031684102
79.38277104871202
44.88425690439678
49.879405182958024
14.702421352283245
23.985735696696764
53.16538001803951
38.61941990259412
86.70910956612812
13.038344762242682
28.699553154695636
79.8478301227821
17.223104292048863
7.211485677651519
78.2429956443052
33.83817742804953
23.3599363106906
89.97435805048484
97.48978477799895
97.91059920712847
59.25963555497845
62.413374979606814
8.12725565608783
48.93496329887338
71.10588314416884
36.74463614975978
68.096653443467
31.136293580764786
23.955525333012528
0.577351862390707
96.62911257192494
79.54921362419394
66.65050483097565
45.0130863942667
84.38104381219273
74.28440332484055
42.52817493920132
77.7079928282874
43.11506366243003
75.79073871222934
31.86402682742765
73.64789489059275
32.17659353981782
46.63142851192086
78.59843464493036
89.90708615862843
88.05658048328675
88.46724720974042
75.36554377103819
32.631261575861956
64.06471259564631
15.101030806992155
83.22047093552668
99.31362477617596
0.8805229153734051
56.266602227817586
46.907074660635885
96.89599419141395
79.99125293692958
15.971744766072115
1.093556936564799
18.679979581966887
41.51226649267035
10.441415679906463
36.63177215962795
71.80403022331839
45.55357663315045
19.586209553413415
47.923093254632455
78.32596185841719
49.39449692528272
77.88768947280178
67.1946930136874
34.049384909975146
4.966992198171272
37.01885302744861
54.282416257534784
24.468791358229502
17.87937837696071
12.969916959738992
34.29735797214176
25.96266881491912
11.502862240521495
25.501018095423767
82.18367487580026
43.13579457624518
91.92792799974374
42.90488519981665
50.07419943463598
42.941985169182736
87.78608308098336
87.04857287644072
31.813280054540105
47.53748533049267
35.167499659064696
39.54633214848585
92.45039002623224
6.239921200649734
30.873339164921575
1.2954881769586923
35.634295859399536
43.48894536635147
96.06245983153688
73.05829631372349
44.77513528565672
71.58122796575371
37.692834442489584
79.94269915326436
42.67483036170761
31.423910355622496
94.79004752323253
18.036262175358154
99.09897072950727
95.62556182623348
35.18920895608243
16.28373012755391
67.47562124002506
2.645664478599352
54.52101651659548
73.13017355046976
36.85456704652322
14.539538607823033
32.90688760271912
34.83143633952488
97.33701642870099
8.55854587862167
35.72919086081979
4.70801660303507
50.05805837460898
27.02115063005801
22.587585171552206
32.751853239061504
89.98280722956548
57.20264117510116
75.5723866087729
18.89232137707644
78.08724972049133
97.41497755481403
29.423096263891214
48.0352988354671
3.729238197493767
40.65516637234424
95.77606407014369
61.5491723526137
24.918462772347794
95.2551213372956
94.45411466624145
31.555937556045798
27.76602550740416
41.166212788079385
47.81602498643767
6.376064069942611
67.37196357004257
2.117816293324981
29.11338944383257
5.209220514059032
41.78581602377807
12.594760417293504
25.182654252219827
79.00576539176217
27.64029644329421
55.25157350745382
92.86186998046112
65.11213688762115
89.30148990834475
89.42411472611286
89.98813360490767
29.373854992954207
75.1023765876357
96.65410077335336
75.22408784875142
46.32152169080583
22.261317230128007
60.511474025865056
22.187529756743317
42.92201904139405
75.6707090787065
90.80436952107772
70.34583495826348
83.23640774525195
64.57341807976908
37.21830786710023
56.65105303919768
13.118382730934929
99.68289816127738
14.889648544578316
73.92767850678055
64.18003075695509
33.843697045154094
40.622097693932204
32.72302549838081
9.84276329294611
75.19934803913235
94.79216698896956
30.3462905209672
77.70934046917846
78.4359367832003
53.61382131046696
9.809734477840315
17.134703651508197
12.34076225041143
76.56980328951953
71.80317202370344
62.243361418627345
56.45408542959207
13.320949566671548
35.278974118159226
69.65227010441727
17.939444605245903
15.075762475721998
77.46635178564375
99.34513149795352
11.22566613205901
12.95061653795222
82.14869618331477
69.10601683387875
85.91904290484737
95.60759295991217
28.731621980081712
70.72996344072973
43.543257410171506
35.238769523919146
73.87163569699139
24.238467962095168
94.04709201510575
2.234673642044005
3.1847563584469496
31.676485661467456
66.65052523356827
35.61501263520673
49.36971677922376
72.9734200699322
47.48654515521314
34.04708014250806
54.75053998500218
41.64447445078041
74.65243861242466
14.889616540947515
99.93349894604684
49.19217194870207
11.313505204017105
10.047142953700572
21.83354211656402
41.66168554210666
80.30751120092974
17.749019669044998
20.98240926278767
34.080473387923135
92.31873154746951
72.25635795001689
5.248698204582814
20.49066512527693
70.6697006741322
72.30933735184047
34.47330116334887
43.03734812904788
59.31132302374941
58.564172307346986
33.68318023123849
41.425033302085836
22.759935722225787
66.74915991980889
22.061149585977358
79.52551702579748
3.3323557590560826
17.40384245645371
36.23541302778567
33.59741997528263
46.96359461489713
11.45439338305061
5.951000890295477
20.19164221446792
2.0325903157601632
69.2942967902771
34.0852011962811
32.83185697934995
78.3218723521296
5.2047227744244084
70.58395421569544
78.038940534505
56.866826374128145
97.24316402060697
49.151357066325154
63.97200526005421
98.35995499088759
87.48442949931982
44.517479925559314
96.40761222340753
27.723611695202056
38.35157376304503
17.846412579291105
25.14135527693835
34.430859909984825
35.72563254545072
92.72808949123046
6.695404795773985
70.61629484454268
81.32384748085886
94.25713054069591
93.0967505305868
2.51862657490034
3.1783425492763584
94.55582250441277
12.789393953240669
24.53041866017982
46.47099240613094
48.51771419438777
33.04043336877456
4.309363721611459
73.92891731456685
75.6816468116091
69.46401883581235
23.37032905431502
93.66275341284278
39.53967770631003
80.35219912034196
59.64862702030622
38.140458939543876
58.43971630207112
98.8538742906135
29.55306171307559
95.23326685951588
79.72738900673588
65.65230448711749
8.656382105698256
76.09578890726888
30.620395062769944
49.24555873730581
94.83361757182715
4.387315546707282
64.48790117029888
89.93085022272463
38.625313167646425
74.25302852386002
49.20292520858241
11.246539613607098
10.683167459420705
74.09597545430458
93.70915021436173
37.7752064139277
86.27348553883259
55.967861215800085
28.093822348732857
9.583951290668258
81.98382938703469
21.24549409564269
60.60176627703612
85.42056596700124
47.23056754030086
82.46112156973354
57.60296726031569
43.555557032076685
34.84205315480583
4.410046854375094
94.37906646103721
94.69662226882188
11.275067829944973
78.30572898594596
4.0964155102595985
18.998262434513634
9.62413527317758
20.737915245542382
74.20961461410927
37.22477363671612
86.07561892285773
14.132131333109
43.716882324614545
77.24257782202385
43.16189515826915
96.17648452160475
91.60869335910047
55.74077679152878
29.869916864812364
64.91829714189534
67.58897196780453
43.55212358946871
3.6180299069697885
16.574750434950893
64.92564736990037
92.33039837629725
24.53775420513096
5.902036641752561
13.350677490220908
35.694012704107514
10.813010465288375
88.90653516493283
44.93880668863374
58.28875292178595
3.980955986282886
51.75566186896171
37.57764094788085
90.14128338117635
73.51824502386881
22.79830715510881
32.49338433575599
33.94524907937536
68.18566041207434
92.90030379196845
78.06149482528505
73.54437217184933
2.449623446755411
70.93543857804069
38.80031981376496
74.52054172655042
79.00226717942196
23.919869328615917
39.76098445079682
86.19264004678067
1.727323626963484
75.2903271546671
87.80002725690966
5.674892893421147
76.67783955969054
16.255522792997713
13.526230235112724
82.33932654577825
44.92725130642368
81.7620978113654
75.83895373087728
62.17451174432741
8.607846415010512
99.84199071870496
67.73840411504733
45.34254898635757
7.130416969933284
60.04353747158084
46.7213254888731
77.27613310756003
48.539556472396214
56.47262520802683
82.87655669310448
25.014169934774465
12.092381312956102
22.426647063391837
61.92755589753616
74.53836758207669
43.07643718043763
41.20287662597254
5.992557101317653
80.30189355706912
53.717934275615505
71.84067671458969
85.05946631628258
1.8743006265103834
50.82340100719628
72.81790001215037
16.547148925197654
86.24188080794447
22.71573354528089
60.04582044100982
4.2686996030306235
63.51771898995584
55.24863944115289
52.97596905790063
45.93494496164755
25.33794643322227
47.83853733415907
46.68891784085319
7.87492518498113
76.39468912601608
32.644250457777765
72.91297202089034
99.63441524905845
39.14645269350186
95.59272294843718
20.14764414905005
12.160119364349942
2.391285657654929
74.48048972357432
56.83682269177742
65.66022517073793
63.56827532475741
50.384979663400195
37.60787901480766
2.0700523620129863
95.5018648164539
24.308375130767466
39.06867544872138
8.005123501174715
42.05415236265818
62.6059228370898
36.01819828614349
70.37694276145511
53.46852430050573
13.298114414602335
57.03176340553392
93.89286601982971
19.983935913843553
82.10118721901789
9.341626227532052
28.34533336913829
54.59048921624257
64.67159461674076
33.30977434169598
80.31397027906718
44.3153561823987
6.7692555874939835
61.22508498911484
43.28537135587499
51.312340786781775
84.08706083125517
64.34649017398098
53.003027144521894
27.677640968934437
7.101850252896458
40.84095129857527
92.95071013798292
14.999518294714631
30.483086786913194
65.18971230370246
38.74201204094294
88.49933375420542
83.12588050227511
63.78865991323622
38.45299645014324
68.16135575950872
63.925801553645776
57.63836685371502
6.205929246392339
77.22586632916796
42.476182532993654
42.55857505473741
2.6202245368817323
14.624760535577963
71.14441439537968
41.760557153432224
33.63286234486029
65.19826204771549
14.608553416437287
96.28516894659376
30.85525819078443
55.40862393419378
88.37983843941993
75.55077249958603
16.18547360710322
62.70298061951981
65.21257285254973
44.73990477210032
58.03078204208756
43.93860766599984
79.66643127776436
48.511352761497974
53.96921587588488
2.3309137762052456
78.54319172444433
85.87335714247544
27.665550851135034
37.60216150699828
35.75286401821343
95.42621173730058
90.8610154192215
59.73783745499198
38.02725768802722
19.92554830295076
87.74606832357917
45.621780231761136
22.829129261284386
8.202537194433624
72.16567795510645
64.48203342514196
75.83817866125366
35.412571748453004
56.69702812792977
40.08897962641815
61.89089026596378
71.10959799492123
14.936028243053679
64.05941067784569
52.495396536369356
6.209941292321075
46.45957399904167
31.984234858790515
17.45214145082079
33.75376767846174
57.9567654809628
22.391552508046885
54.23658361921368
51.955669804705494
33.7634656673791
43.88702058380185
6.947839875941697
55.86132385216275
46.69300883413436
63.24539574274721
23.403414423287593
11.318646367777108
57.55301801505267
65.14150381526152
6.915027198061319
44.73673507689902
36.936435417046795
80.09048784852982
33.107959978671296
81.50454303419566
27.093091258555003
19.92293913995937
91.79028933484894
15.921087842980675
68.79138397028439
14.956170446174777
53.86917319493156
11.28644766028084
35.195026564042806
89.5667169907993
67.82643809395854
81.76641124968938
50.760761760510874
68.64271190041373
74.67929346634928
72.81298459693652
35.08312720418968
76.63743002473026
78.70165181517666
92.68928141911748
65.44073653933685
25.69685597533321
22.957618124050626
20.839484950273878
57.78462840012929
28.402563303161788
77.59291309660564
33.420918279212366
89.72077351131405
17.934425723433666
76.02805965930226
0.8451110536481732
24.250209781596944
52.518623641130425
29.51938641718176
91.95253633218971
70.46343968589687
82.93053280077463
86.19377284949555
16.24903183831733
85.16868578806242
44.7216119644814
80.91776191870824
50.156336782291746
69.90149944422468
32.54886365722764
3.825849299864492
71.88501695735347
69.90666566339615
65.94387805940822
10.427370352627275
48.239840033971205
63.77324855239016
6.327233276976552
56.70552132388678
8.853236720681512
1.0554873643612184
11.681642514179769
56.0851320212988
37.290454906451984
51.85272519893456
87.8467972045766
87.81280745956228
43.801066150063605
74.67520369195589
58.96136138150361
75.07515353745573
28.50005093703788
27.214614883108943
39.5291156263773
28.57896945974645
31.700965807138047
29.591371846363103
59.16497048182576
99.1229260289056
18.538843267994498
10.416790498851325
25.466970836219748
15.213047617826337
63.47561033139052
27.307327859890695
60.26279101527202
66.16884646214227
23.02173457444511
25.811632334782153
73.41366763431839
3.301686413562366
49.73052716560723
44.7965765718339
60.34582531486996
82.07225815135702
73.79736144871724
15.071275913977766
12.970124269807537
10.829686751616785
53.34175801416395
4.915268313334131
70.8032375751164
21.884999988184152
64.02545698368384
51.89478268697597
84.791130755055
23.337618840694507
0.892849114871519
57.263126998759475
0.43911696619901575
19.522657610029725
49.6642936025746
2.999899748954049
32.68760412177431
92.71563090102475
49.04636917295482
77.00032447038639
19.595999035713785
84.43044318342679
21.227848329981192
66.39671199433705
1.1962144526116325
71.88547240346426
42.85407072876397
82.47343859841436
60.640745896030246
19.911189485729352
65.19749746583912
36.59682811341756
74.13058304662333
50.31285320180054
70.67460873632511
73.14977750891279
37.06835611632528
39.58660872871834
12.398985261149564
14.27483910465478
20.45609728155857
74.05717221603241
19.009980905026836
0.582287108504731
75.12303087846081
28.77269996626278
8.821375240251928
40.42742259038838
98.621656829681
84.39473131530816
91.35091183191932
87.78702347206043
11.866585968588428
73.4298359124031
36.67754937210583
93.12724624363786
38.733092455835624
39.09792618236413
64.28494063614586
52.58250674342876
53.673904319382004
91.18912005070767
6.879238564529732
80.03354589906743
35.34166957823942
71.33354332257932
91.44164638521704
68.76237544613947
96.5659427878947
34.38813811214935
85.03947723087771
17.205750498892215
24.36283416008814
4.999914423075191
71.75687926776891
66.65166362684334
49.808030343475906
5.527582664059427
48.6428289732843
63.84981221864216
68.78863420601637
84.88249737398765
0.7902843578256991
43.61688123978439
17.668660704500805
26.557490796880245
57.88189921885007
11.993897718186474
99.01224387326269
44.34336440709495
46.786860362123484
83.39597076196668
58.56743193723584
23.98370837106344
91.58620935470427
62.20446115810944
93.35656840389184
50.329735717187376
22.569919348840806
96.3935856607679
69.22666787162292
17.280579949221575
94.57187317589344
81.94134507816253
10.282715631381635
18.624526605645308
83.87857788920789
34.044676710739594
46.985633597829825
88.01726391979972
53.53764228335596
76.74608941875266
64.6811313665195
86.3796704043174
34.20109216182258
46.116563790201006
9.072091490439394
48.193088843016376
87.35258967042876
12.388266324596131
86.88228423060387
35.00585535778087
88.07603052007352
18.782376105943698
28.616460939170697
66.36948757194195
0.31978223571439424
19.336953300447433
80.47795971325755
54.16205603461489
54.55725140846106
78.92555596465493
2.8450681672517852
17.86788839929607
91.712936526781
69.22229302083856
41.09865858977836
96.76866049256985
10.62739434902883
82.2840225921352
8.532252560329034
0.05493104006296656
71.09578091666573
18.02418912054491
5.613170852598426
72.49791496355074
58.71861346784946
97.08758744807895
83.08130862838549
74.92887972292938
61.01463843935221
53.5919961343871
95.07539510885022
36.54818712747089
81.14479202944916
46.927053419536314
22.496290355891425
42.89290801979201
2.515343899718725
19.327999832676625
54.45514391048898
9.547454739936189
34.150318454889074
54.12378061844316
47.56372690680579
54.62647951132452
37.97103784074996
91.01256126576203
54.70710868256569
63.314880781140246
76.43916205477495
24.275480489133727
52.316237461722096
95.99046242382244
95.85068447179383
26.46734293045414
82.20599982593859
26.468357219101613
38.52789902161858
24.06920008500919
54.65122383136071
44.107489925765286
15.490161343509401
2.26387347824476
20.74608532856519
31.913762856617222
1.4219425546016184
40.16023533064955
95.40531565905847
34.10872898612617
9.574464880043488
50.8940845541798
24.362682984580207
62.44116483471108
60.02312960083156
36.33791525615674
65.60890761874633
46.66257100890723
2.3490207090961057
96.1850304525067
56.675165464554745
71.42452154261294
36.21639125187194
81.11751969264759
90.8103267991598
99.00786125574687
94.96644944895462
62.708265138685746
33.43288705973303
53.05529017157379
39.04973032316397
78.71875136444967
65.11596160171338
67.63884386557466
14.630920591429264
48.80303520775714
37.58021110331926
15.251327076726362
80.46143467768752
4.29717416419434
64.919505998989
22.3213552765533
59.43508545641453
97.18137538725071
56.4858094428601
45.27007072442799
8.889680693082358
37.91762273423317
85.57826277956573
16.770530012616337
42.54540000680741
54.72975406262316
9.402197668312995
46.69120458122661
20.57637969523548
90.68120677458077
54.881678624556486
22.734097594025606
96.15046813609779
7.879861313273806
80.70671059727161
83.84716374022508
23.5892990945208
92.36879076561581
46.39232152364355
95.8507198944771
51.16238322444195
16.6169327292761
1.23487376133381
59.84330575055723
88.31919402202136
77.54736977271949
87.83735493411558
75.19493983895427
0.20664309619725652
40.47402821483374
39.244600460457
61.39696848978973
23.610863491116262
96.1064801869977
27.00344824482461
52.84205578115954
99.80689403976602
55.25286788459501
2.074427263287859
39.89754428540413
79.56073042031669
85.42776498102943
8.532199338186096
16.16616429051764
45.3760698959063
60.323808733546095
8.61844138899146
70.86975936083739
68.96048547779874
93.71170576412909
19.028609128774587
46.74763863434186
41.51701658526861
15.36907741376724
14.028096058944882
49.933090629452046
37.93612532447239
0.4110182778754634
13.588912462736303
7.027235235438756
43.27042995068505
17.512352857152568
6.836827642779397
52.922149168363674
47.79225784912817
20.74092908229652
14.487847804963916
52.98649124997807
10.478651925681937
59.81262410722815
33.6251657048175
10.277136772054984
97.45261508174858
25.586123775852187
26.316916530747925
36.80347900093246
3.900061226474516
88.57290210038417
46.79939627174484
92.9578794469632
43.68761805972687
29.346815670450567
88.02335378229319
42.349719436153
46.15557547578878
27.771114292319034
74.63089493028457
38.605684509545924
34.434705111306826
20.25366067576263
47.580344135779285
45.41328245195741
29.783026558606107
88.08950200818923
11.331849776591907
82.79083669846771
61.53605718402161
87.00865083051342
51.88482036751504
53.073764984123905
10.209369773542532
49.65814603897112
79.94892302652623
81.6160184438552
71.63302870114627
57.23006183796253
32.97882713786129
30.655771700941326
52.801003269302036
68.80481314216019
15.28129792521521
76.57236893856665
6.935879414547852
24.889287284735083
0.6677564622982635
19.462364306184654
3.8274179831865096
31.42231222551304
79.02931229033237
41.84508365581782
93.07727425574392
39.64579701773604
17.964940250863837
9.452350236220042
85.15309479877443
70.78174420746615
81.66280884698793
93.41781270025368
7.737445655498965
39.14149676050441
13.176088308431755
25.31441960952353
75.78579870266337
34.01486649277344
55.31302364663134
77.42414033079845
23.28363616622704
49.89134988952559
14.428123628610711
27.654537829770852
21.000573520736044
56.73731528473428
9.89394006075518
43.7969649927072
80.18732634926259
43.65493152526747
58.5435631997815
31.348823346583476
57.25715974447637
94.38304496762329
51.732790693911646
47.17638712559039
71.50103076835912
20.66414745566919
60.914605338669915
29.513256816970657
52.74312121596668
43.73464564464052
52.35228340224039
95.79772786515582
12.87878110252777
87.04079531270986
6.70117023015605
18.863087255199705
46.794134947835445
84.3554853604084
75.08867261177082
40.59009953719007
48.72761859297583
86.68836625674224
52.62015380513664
61.24112360295293
29.13512418051737
90.51383635675997
65.10695141811719
94.51870072648654
28.639481411726386
51.54012592431856
88.65333617419843
93.05450430249272
42.7851099227438
4.12942382053677
52.93681623945638
41.132438153610764
61.458467917409834
19.650211698299593
84.85921532059297
43.89638133604645
56.4149470374692
72.84527511533217
27.112956719441616
37.37373599072546
73.93977913824827
90.30219938161846
54.348639415946685
20.634740948985097
95.12557367222114
42.708034053636254
27.724828652867693
68.69978460067769
91.86636691945557
76.19703543927173
56.56409617964445
16.199720718160783
94.31894582962578
64.44862339678107
61.76392838069281
62.40955328755777
20.650388501268868
8.974564966717402
85.61264309515691
81.83747550909752
97.14099460381722
27.530491642755784
32.60450508103814
53.74377767249713
86.5553097781925
61.960446846273
9.415188959107535
48.588920864299965
12.097688862447352
83.74836691007542
57.20476976498495
68.74510424162654
70.17386483363846
54.532417584050386
89.78887114328464
68.54618685596735
22.51390375722795
14.958722028166061
35.34536434704616
48.72336822686274
6.237969569611479
66.08876265282125
40.35957137755113
69.94899733761925
31.733859690159537
5.470901788354676
90.63116762016688
20.588748265812185
96.04918159441034
26.63260610732775
87.42009661795251
45.64323702071047
71.28453541903816
16.458413805101515
18.03314420234393
32.44224447339747
30.09617465220772
43.71971463245769
45.121189550650165
18.868592612868028
79.32432203293861
24.86918553560613
23.598044414728612
77.61136215397327
16.554958998479176
99.11776211825996
9.364740565155284
20.435585555422854
97.5757553183066
55.661684601275915
96.07725917537189
38.144303525127214
95.63984563238486
65.68397826041056
69.27253610191899
39.48324287731588
24.917641187353865
1.7793100726248179
35.51710291227836
80.3183202115225
59.873893418871916
1.6789834078687393
95.90088937200495
4.952707156108172
76.76454358999226
9.747911729096048
47.25312069479728
46.774974362409
39.33021171260012
68.49442211892249
86.93430101139892
86.37933384391148
58.936761676428574
47.28295256024337
53.6780721029121
97.36580345215148
43.6369642654917
46.61769909672869
38.02404344461409
46.29467964566317
13.53897914794504
30.451874137381786
77.57275675455907
37.8553902674848
6.249792198481496
33.84069399987318
33.73615576422772
87.37775149606973
17.409749007476204
74.31710512406727
20.824798066623128
83.89616419921938
84.38395071283077
6.876854096981866
14.13639173816038
90.89339056891654
54.68112858245886
88.52921502182028
64.64094102527083
79.61972200132668
74.17220533151594
48.660932921592114
76.02556562979944
96.42198487469553
44.18652473572939
28.59407555380843
53.1917724052122
95.63717018628499
96.21218333729414
20.45782571599658
87.76889364510188
86.51425085692593
48.54488066955578
95.25623033901458
63.62849404448
13.724946671971894
72.50622261602547
32.07376082286579
14.705114758790593
68.2466447035036
9.020976841429984
42.39751826688348
56.98401084506369
60.53466952294845
69.28258545420111
29.709890865076982
66.34563986598404
58.689992427215074
43.55935489610597
63.113348948707085
59.39457879359534
69.24518607149682
58.4881664550578
70.94128746951024
11.215592393220486
94.42598239394108
96.7495200004686
91.43200931441183
53.46118864396397
79.26297097942442
83.10661952951678
89.98870681329079
34.875912000715026
81.4375554384977
6.760852351221214
33.00343330314782
44.936588120616236
76.5218758400723
44.95134592404104
28.256838247166627
34.82309475282277
20.36905620630698
64.21566739536864
53.86798199170808
74.1440475617981
2.865866107887771
59.45591986210648
0.7883288585496362
44.32152178155279
52.19485954460562
82.21292338931725
25.446388074917714
22.64396791399387
81.63599759992046
78.22573059029624
99.53819209430134
35.34444074182854
75.92245569402418
58.54934313742509
12.910167660176942
61.17535108860702
66.36869255252915
48.630784109424006
61.60420463177333
96.83522098075922
43.85456611849171
74.54221878586797
81.06463050998521
38.688922875716
26.849855571115842
38.33297038471281
54.11165349405533
19.53897083880505
11.49336958749797
67.65289661751095
18.755794716076025
84.54360352974017
12.44501095163616
82.3709534411837
76.15362798472235
3.2979406719502835
43.66500354915899
24.53582367671431
45.25623155305622
51.05562711824647
86.29164800161021
3.45911533132901
7.035731549910496
74.59020458900959
96.67784507946448
63.53273908653727
16.29165207333474
59.084764241991905
50.334674557881506
62.563393115653945
68.57381714400672
31.396247481294093
80.51540521117768
87.45613463109989
21.935534470626493
38.78329654860946
75.13098418945421
67.38271703910709
66.06465925111212
94.08340140140574
14.370073165058761
75.23524428356454
28.14519472201139
80.88774782939124
57.47954363027444
55.64084168274693
40.75087739316924
54.53673699201107
64.8325440927026
3.6957806902328527
79.68299885713257
35.86255341056539
99.1601202243312
36.92902566135532
42.60156063024711
6.7072685738679745
1.4400734782508806
89.53685606641369
42.875200135835975
89.48881526673739
54.698985154869376
95.53502424119431
73.44097011755434
63.75258822086426
74.84900737755622
98.10131866111172
23.609763239350468
86.42612070820064
79.83243526385303
26.82769363207065
78.79433711448038
25.488224729499155
46.06249287184273
93.97779856520792
77.62262022725328
73.46591779445166
4.715038874697164
39.95017476961166
51.519939602535956
54.79590209058859
15.452766760009961
44.96843604034715
70.22039210175048
79.07043853539592
4.720036976511388
83.31445064300542
91.59067982208019
9.507274915821185
9.899834486373859
63.78701604420929
88.16183372192177
49.06776550947153
58.55958531506985
11.258140642774938
31.462820945749968
42.22828906044038
55.77741044142238
93.33776157830954
60.00608440007178
71.38780890746193
5.160627723533484
89.66750554007547
98.40143905189032
19.221860813541824
38.88224737396462
26.20327898516002
9.51846377861606
89.827773693683
20.28055357447529
59.20682241867804
17.756139110319413
31.83415570120801
43.1117753940657
17.42566645533642
30.95298035639521
29.43986618529937
70.96995361198204
83.93614681923923
58.10374895984353
79.53816275604376
0.5538380488765537
70.57041621021818
77.07379807561125
80.03308486958493
60.383315829895736
44.20504799115501
57.25321395481914
89.02210444905967
72.9325448196575
45.69147312945143
15.077166831053368
20.381104492336156
11.039537013912671
62.120546364311835
96.23960104274165
48.73325025548107
92.2729634392826
2.2367748770954377
69.55635121793196
38.077101939318425
64.61092537062414
60.54701660955202
47.74971312756948
6.616854919954507
20.27138172053471
19.63759188892822
58.20850985673835
29.037203221222207
60.30004172218386
24.556406163795298
14.478385220463618
63.57566752948123
88.25562848270675
89.73017119791253
14.61349348941149
54.71621777293038
89.25018931519872
9.92500031357838
69.91162774617811
39.56519344811365
91.83721642142804
23.80016358613224
55.20830371921337
57.43740375124846
80.97253653612366
14.865712340842629
82.89342888591277
80.24284576563782
27.449171362619605
51.5706630291286
25.8865365947057
57.29685435692785
93.97390950731526
35.8133273118711
13.813351268957863
16.926420343217373
58.02748226800652
89.30772740864934
84.25100892709006
43.250943334643274
34.12646125660501
30.69094114374844
64.10249652503855
49.470377261362074
76.72520279739784
17.14446049293723
98.3235732488763
60.80224278676025
68.3790399281268
93.42845491298255
1.1737178363341871
76.18458024557495
13.801208852331847
78.5248761462267
98.08372996447898
60.42173007964183
22.014588283196602
2.6560207990976914
43.120700221744436
33.56593637075267
59.531444972158255
1.191795899365422
97.26423404818635
75.05032528948516
22.215904776895577
1.4447065195313358
67.42375236407683
22.305754798156762
89.35786308014826
41.75347075747232
95.93811825618734
37.25262999972784
82.69917138074622
33.27120860384324
89.23576673127776
95.14016821163848
60.3947408017682
42.544396009895266
36.75329611167828
65.82764775128398
82.81137253672381
93.00911608341647
88.71606458979515
46.045660533787256
56.012657240478326
55.43442698256643
5.093693668639432
64.30466869359448
95.6083411615186
10.41862949852307
28.051815652782906
61.462125559796256
71.44439872392158
91.14872785951404
56.84713600891327
5.350137473806149
6.751358062606283
55.62257776730083
5.13072453615504
43.066835728374166
17.573123609537223
29.931653692633652
46.74403277662644
58.27564776014754
2.073995857689437
87.95853783254177
22.236498975545015
94.09490385291839
79.63881103909108
42.86263353217149
61.0745943308681
66.16875162125453
57.0634277456326
39.64276688831827
78.00469880358858
80.994293492065
60.49421310778953
17.179841327926283
21.31390476955739
83.85046857965503
60.58576509729213
28.00932118119611
59.01970694223905
47.91162941920282
43.55327091519236
70.5130454492754
48.712310999419564
28.395514819369016
51.37721631956419
4.281959301147376
40.80371417551169
6.184172204661998
51.21200901979236
44.69036827278454
15.202754686472709
71.04939858911423
68.48997022038247
87.94424326776348
0.9091031662808557
16.949595635644087
41.19069470646677
73.79662075958905
99.06928233852686
72.72098720442696
67.18592612322068
79.96403520902058
11.422247845371913
71.15766799608167
36.0291032294642
66.28931327038565
51.03058866187732
99.07586564154408
71.832431734158
46.205023495688465
10.835977434413202
67.45833302140475
37.209276431135805
19.760472686236586
66.7150893347356
96.40680372837927
42.52583094710272
32.72896576687971
29.607876620813535
24.97683793226796
79.9633694018549
89.86088650867421
73.1954981918045
18.438532559430744
53.934164465495684
97.40585590603438
25.08658469954783
39.26729659044057
13.240752075366935
72.50990814470379
23.74301840511971
59.778787859174955
27.19231966457888
60.07236188136103
60.70421532234364
81.0566211875107
74.29081228907201
48.925012411094635
60.4546570056263
99.30339383348222
28.95147907492629
76.20868558378177
74.56807328690317
80.14563353243987
61.70464447039301
21.8013127375714
80.58032393968156
55.022823582546955
56.47487711838932
39.26531453789216
81.91949338476016
44.49854254639941
7.503231026398449
1.1090627069686554
13.261452245060745
93.99559264834514
67.39768259220801
27.757414807324054
83.89520346603632
56.75418491469502
60.6309246777878
66.23669967504527
66.28346852327081
59.91150659504184
49.061451127791
16.607126890861533
74.17653901372539
31.971096370909745
33.460098022951414
66.22636372461388
22.501909462754142
35.799888405603674
56.225884650628444
17.026858540510016
28.24522333117818
90.12122608134308
43.12326706569104
48.905207626630485
87.3737529577302
45.343297610781555
48.54366754638906
52.648972261278445
42.50564262312573
0.5989385396014346
59.83419941868265
61.307294842080076
93.16544840508534
38.876630937363124
38.0350269442853
7.211726345450242
4.358666541931299
14.963145341827877
92.7311913232237
49.27996731885052
33.93713532509768
26.74048187451681
90.78549414859913
31.4317873247551
48.874935762333116
7.942634214125444
82.119041787649
52.85217735058211
46.104524987927306
48.89857101502733
85.15355945519345
38.0145494707548
85.6877422008428
90.07035670693735
73.27421141053418
76.61392512810922
27.389392705169836
48.0509079509149
52.14425710262244
69.9274713334441
98.12909410809804
36.21298745305683
17.272293506379178
95.19660644447767
91.98770943911822
49.367181375245984
64.24743600289077
9.243128400519318
67.71126742950663
83.42716325074603
1.7610646041869904
31.353540066444197
15.204536052216488
77.23852007910186
29.121058895066774
92.7140686526506
36.667749048032206
89.17678956623777
72.69198807502674
75.31601410090228
25.742911108513734
48.92530974014746
96.81664849689116
51.511563856078894
46.2827608005027
29.807419395884082
8.700501634221347
40.47874650297562
98.57652514242116
76.39696680687432
79.02207828070472
69.91616366993242
79.7315526408231
4.265533363203988
55.64267923123162
13.60506162300873
87.55266942956248
34.77736633952332
12.08753831787468
76.93601338656097
74.50599395678069
86.70391018803882
61.40113729740142
16.643074319322103
86.65793917044809
6.231472072910171
68.65093361455916
32.472706439425245
67.84488880800484
53.81634421491379
49.87466515355895
37.371923296653975
9.099641014648263
9.127400213573633
63.94682233554466
89.53249138309238
41.182378661767224
28.577869874544113
79.36941617787366
26.060153635250206
79.82820546664897
89.01286712251257
4.5068037590342165
71.91849518310063
83.98055226205595
56.32930284151191
22.98969230573644
77.30220245441498
6.8297935153715965
15.074145111069514
42.01408160868074
94.80507733392966
27.184870084644807
41.27313497496308
53.89264198635806
66.08215680841379
61.204588427812936
7.387812447740738
86.88917615459599
20.373967812746706
93.1182267362498
18.870230048564697
27.309988290394017
2.3674471164140787
61.86941532222333
55.30546425886891
72.50512614134827
47.729612850041846
71.66445597475789
74.138383427107
34.37663486602005
97.55051847606904
38.10470559098903
44.14262336993252
4.5125895970875245
87.96656423210888
47.107335183602615
10.812444947074784
9.536204467870968
79.72369280038463
66.22421370586984
33.10794854852096
25.73149771196277
93.37821719768851
53.119549743946074
47.60751762593374
94.02228464568527
69.52123416831017
63.65466530678995
72.43997134997973
61.4489092447188
92.22413428873948
40.19079598791251
36.71094667147132
95.21975142574686
98.12357137322975
88.45521576156462
41.86381898069307
1.3095515055206786
37.675359392482
90.72464760209229
29.58033425808939
12.333802399590388
54.17378000152247
99.05615351215788
21.095007642126106
32.866019072367145
39.453566124618774
1.4959296672279798
29.84903092580442
31.32394449581882
8.542873088969982
57.39501316305129
41.99529000128075
51.482140740891005
16.03759429778887
42.17939052122711
2.3092146938258895
4.465096851109873
55.658105240376734
31.53965513805047
88.63497648164892
48.88578334779603
58.718860551494856
4.683486992341901
2.1238874205306457
53.82483807754986
55.206264522140046
47.2541789709757
90.60253962252774
4.1117551749795815
51.61531025299677
27.69259064288573
11.143316176072183
94.3935963330411
53.51898149119866
57.39981676139028
17.741804418724104
16.280827853837444
89.61197087084184
44.5086059117898
35.90190455325132
53.82321838608629
36.169044515137394
37.0245119596249
25.005156856957168
82.25036143927599
56.15710514671056
6.961826765585233
74.54204720366882
12.140121004973137
66.07269331908098
36.74546582950956
81.09022220546252
61.93449813414522
15.74183960125195
15.510765980018615
30.944747277434537
30.460939169376044
62.98853301675845
56.914632894261466
85.17369634742793
74.62291931988631
52.61263874248614
51.69636119138909
44.3714286570608
28.574849893008412
16.68348408377528
56.5804759242843
85.45803850369697
14.366806223558616
11.32432896285338
37.131759806610944
85.86358181571345
17.723142697626503
92.75326370819653
52.0371090495131
90.166024560817
66.65667970948073
11.734823095276392
52.45657901256309
79.32258262651814
8.800978161210427
65.3109787810052
33.34948287329408
67.44159992309477
12.780082517569335
4.8598858946967916
96.63614650040708
19.07352026793634
22.727534900484557
90.6684277894637
23.18603962962659
6.874965465968163
75.65106882612156
62.41443387042356
52.76761070756121
74.30807279028944
39.4914503159454
81.1598070601816
77.1300206423778
12.327312860317841
57.31675897998652
69.80969916114009
5.158392457166682
46.04835824762239
37.721627597276786
93.8217880413705
83.67448482201931
35.62448603714482
98.86472880887169
3.3025567428331293
29.036066813682936
45.53314820803669
1.348300746603337
81.47423372612454
97.26771752800326
18.153006577919363
43.73581351790846
46.2412292827467
22.66648324810917
71.60396705236077
92.60126342498053
83.34157615676988
72.16262912687021
12.767579437001187
24.114630767416944
88.04562592095144
42.688358276610515
39.45389220493215
81.13318936715733
77.84587521561797
77.19048608748763
63.39917237561931
51.167232966990696
10.853315647634076
79.93730878771686
99.16992600489387
33.625717870161424
95.79996033957906
35.13365652900266
26.1912902777889
25.639410245697157
3.059228845527995
5.789898553013584
31.767750530935924
42.3071466809676
69.77650315224233
12.385289188184533
56.92921672806771
4.486883829802091
35.84066198667839
71.09514558772506
12.98185324806692
83.41884613199196
60.66644309873723
37.376963780761606
88.47662122910191
30.783791145806294
86.8694095825097
81.16035133613163
82.95223649719358
52.64050256803592
47.20942201355278
12.478370398679782
23.10834794755018
63.785973608540495
54.69848848252619
75.44137944522275
92.37733671573713
12.923893941928831
23.241280240156705
29.90357519377286
88.54714369466726
10.486325964324461
63.166304920145976
32.64440691971239
78.3956286930331
51.341832721310595
40.21194319401007
77.7016670124351
2.939050118712838
87.70543311226142
18.019844150390206
85.34585526912693
49.389699009748846
18.604959792907806
82.96746169643112
29.783505706465196
60.09048964085484
68.62796043697192
9.03533109069381
6.753865664098524
33.75609830044215
85.0824595121144
59.69799250658878
6.506554582640945
10.208861838050465
27.852806145036602
93.35843407654713
15.035242048309193
87.45612907080482
54.538600330939325
65.1547235022497
55.74995072853432
80.66574465090753
61.7842403447325
75.60103425997974
6.17099171273413
13.629169495871063
67.79122655242598
12.825887800046932
71.9230855284022
67.86901128084224
18.116252806490852
37.512864157683936
72.06648492915399
34.41759068586292
49.043614516679604
17.06609747351654
62.66664454419547
91.6169037864966
90.50037162409734
85.31302027868247
67.30559349176242
42.737304755379235
88.62314896894529
26.349602615229873
92.76298245930231
99.1668884297034
53.905937277848324
34.34533834918532
61.5914828678777
94.86880370889524
22.421809785246673
34.513032290477796
86.45572577467314
21.809169058861954
83.5736008208313
44.039804175331085
47.77862520676385
6.666861146418035
83.62232818035326
48.79555412724387
91.55840602908214
66.25790736757467
47.49171257282646
46.310612238228366
89.91016614621248
68.9612893747916
99.69187838640413
24.548312605218637
36.79772169373099
3.325274938732403
54.60546279416983
56.426166513178174
74.24734028693081
13.239203857620563
3.007973898730476
84.68156047032645
22.074583952338088
77.7767727202866
45.447963495615504
39.41182265846217
79.07778336576092
76.37887635721289
0.7637424141441196
69.75179479129156
11.241012778075488
22.71865695551033
47.72831286298547
36.840270614428036
86.56956539534077
64.51421569763805
75.855365902677
87.57511915449575
90.81147436362784
89.92152089189322
75.96148147220329
13.709617630805937
46.5326101449825
79.27070882768719
52.21291893854757
90.6271411772175
6.577798869506635
33.1232641874848
27.642656528331997
8.555576316188562
10.975839515948604
43.709487056746845
15.148861369401633
12.133893770439064
29.904346694477113
76.56487056702949
66.43005606374818
90.674770316769
99.4244493882256
33.915334985819904
31.40801105375872
10.251615803012271
70.53890789109846
73.74298515227521
51.439877991089865
29.517126492476542
16.17012007433528
87.12881445188748
57.254325305224384
8.585083253190684
24.694197665146277
90.55199895275227
41.762767105674214
14.215950660368005
71.29648563150475
47.363206362050114
83.03946307791415
36.14056004289105
62.25756853581543
96.53001978341469
68.6417799409667
77.96659166340962
67.80305427397086
22.064686588923376
82.0340505477376
27.916049116366903
