10 5
0.8149438910711737
26.178100852551367
73.30218593425265
44.16964710527805
1.6181575190637343
33.0880552261681
69.69625580237194
6.848962034128192
89.66381471257392
53.14180555738115
57.971264269981994
34.88080740329186
89.61297780389668
97.3975874105561
57.24827944267046
80.32607302015992
85.80496662904484
19.490609808266534
3.290960106921925
94.2546269761522
37.39486994407122
19.692305653731403
9.88370193375152
61.4537196704244
65.3487895917963
10.449673803721016
66.25476752381078
18.345833989417816
25.394598951926206
19.010686825466617
5.827988401975359
16.629752561482714
33.204561288085884
85.53835219511038
22.225839709503315
58.4206294339798
40.88523353363627
91.70589336511837
33.585645742128
0.1828692071889182
45.43408201439696
55.37979936855818
49.84282611065727
45.92258323519952
72.82707256607725
9.698681501812501
95.16370415152133
22.794919788602876
73.9925903314959
59.21295527120476
